# R2 PaletteFrame v1
mesh hands_naked.mesh
owner hands_naked.mesh
owner_ptr 0x55b6cc861740
frame 3
dump_index 0
nb 40
arm arm-w
rebound 0
tier1 28.88255 34 40 15 1
# bone idx name parent  off(mx.x..mz.z,v)  world(mx.x..mz.z,v)  palette[16]
bone 0 bone_R-middlefinger02.mesh 4 0.2410721 -0.9598833 -0.1432094 0.1086672 -0.1199364 0.9868163 -0.9644048 -0.2534553 0.07539513 31.56792 26.12497 -1.888886 0.00672298 0.04207886 -0.9990915 -0.9998835 -0.01333003 -0.007290026 -0.01362409 0.9990247 0.04198358 24.77966 0.8360973 39.75072 0.9633433 -0.1201304 -0.2398679 0 0.1072085 0.9920253 -0.06626405 0 0.2459148 0.03811911 0.9685417 0 -1.104309 -0.07085115 7.941719 1
bone 1 bone_R-hand.mesh -1 0.6168389 -0.786087 -0.03971379 0.07702011 0.01006915 0.9969797 -0.7833122 -0.6180339 0.06675555 21.25934 44.45817 -2.30817 0.6168387 0.07702005 -0.783312 -0.786087 0.01006911 -0.6180339 -0.03971371 0.9969778 0.06675548 21.74274 0.2161446 44.28344 1 0 1.234002e-08 0 -3.72529e-09 1 7.450581e-09 0 1.490116e-08 7.450581e-09 1 0 -3.814697e-06 -2.384186e-07 -3.814697e-06 1
bone 2 bone_R-foreTwist2.mesh 3 0.7272136 0.1049538 -0.6783399 0.1683611 -0.9853271 0.02803994 -0.6654433 -0.134597 -0.7342128 18.67271 3.891406 47.25637 0.7272136 0.1683609 -0.6654436 0.1049538 -0.9853261 -0.134597 -0.6783401 0.02803994 -0.7342132 18.06842 -0.6345164 47.64566 1 -5.587935e-09 0 0 -1.862645e-09 1 -3.72529e-09 0 2.980232e-08 -5.587935e-09 1 0 -1.907349e-06 -1.192093e-07 0 1
bone 3 bone_R-foreTwist1.mesh -1 0.7272134 0.1009443 -0.6789483 0.1683611 -0.9851439 0.03386085 -0.6654432 -0.1389325 -0.7334046 23.72531 4.170536 47.23255 0.7272136 0.168361 -0.6654438 0.1009443 -0.9851434 -0.1389325 -0.6789483 0.03386087 -0.7334051 14.3941 -1.485177 51.00788 1 -1.117587e-08 5.960464e-08 0 -9.313226e-09 1 5.587935e-09 0 2.980232e-08 9.313226e-09 1 0 -2.861023e-06 -1.072884e-06 -3.814697e-06 1
bone 4 bone_R-middlefinger01.mesh 1 0.3115944 -0.9393621 -0.1432093 0.1172621 -0.1115473 0.9868168 -0.9429528 -0.3242787 0.07539462 31.14013 28.39415 -1.88887 0.41864 0.04382969 -0.9070931 -0.9080487 0.005217753 -0.4188297 -0.01362359 0.9990244 0.0419831 23.8618 0.7400026 41.7395 0.9853835 -0.1343139 0.1047753 0 0.136937 0.9904116 -0.0182187 0 -0.101324 0.03229973 0.9943289 0 11.14077 0.3659921 1.520885 1
bone 5 bone_R-ringfinger02.mesh 24 0.1390138 -0.9883146 -0.06251747 -0.0290137 -0.06716816 0.9973193 -0.9898645 -0.1368264 -0.03801188 34.50071 22.26293 2.040073 -0.03575379 -0.009890263 -0.9993116 -0.9993479 0.005346353 0.03570152 0.004989315 0.9999363 -0.01007511 24.57338 -0.3279594 39.75668 0.982388 -0.06917225 -0.1735725 0 0.07313765 0.9971836 0.01654762 0 0.171939 -0.02895096 0.9846811 0 1.101606 1.489788 6.053982 1
bone 6 bone_R-thumb02.mesh 16 -0.1338769 0.6812775 -0.7196786 0.5813457 -0.5341413 -0.6137844 -0.8025668 -0.5005533 -0.3245485 31.93011 11.01394 24.32484 0.2872834 0.5439319 -0.7884203 0.6239097 -0.7308143 -0.2768504 -0.7267771 -0.412368 -0.5493153 21.47401 2.395452 42.06599 0.909641 -0.2739348 0.3122698 0 0.2798395 0.9596757 0.02669361 0 -0.3069896 0.06310321 0.9496177 0 19.83997 1.683328 0.4804306 1
bone 7 bone_R-middlefinger03.mesh 0 0.08070789 -0.9863966 -0.1432093 0.0875706 -0.1361055 0.9868163 -0.992884 -0.09218391 0.07539513 34.0564 20.83159 -1.888886 -0.2981259 0.03601989 -0.9538464 -0.9544283 -0.02551247 0.2973445 -0.01362409 0.9990246 0.04198362 24.78735 0.8846032 38.60749 0.9193348 -0.1149971 -0.376295 0 0.09035136 0.9924805 -0.08256899 0 0.3829602 0.04190985 0.9228138 0 -5.222273 -0.3071983 12.23777 1
bone 8 bone_L-foreTwist1.mesh -1 -0.7273378 -0.09952739 -0.6790241 0.1673325 -0.9852855 -0.03482113 -0.6655669 -0.1389495 0.73329 23.721 4.181326 -47.22727 -0.7273383 0.1673325 -0.6655669 -0.09952741 -0.9852854 -0.1389495 -0.6790242 -0.03482107 0.7332895 -14.39911 -1.493998 51.00016 1 -1.862645e-09 -2.980232e-08 0 9.313226e-09 1 5.587935e-09 0 0 -7.450581e-09 1 0 0 5.960464e-07 -3.814697e-06 1
bone 9 bone_R-pinky02.mesh 14 0.1105 -0.9938473 -0.007442863 -0.2169226 -0.03142441 0.9756824 -0.969914 -0.1061986 -0.2190605 34.53326 20.79782 8.9316 0.005240124 -0.125256 -0.9921101 -0.9990633 0.04195583 -0.01057357 0.04294989 0.9912363 -0.1249189 23.95152 -1.384744 40.03904 0.9931757 -0.06291611 -0.09818992 0 0.07216372 0.9929842 0.09366221 0 0.09160802 -0.1001088 0.9907491 0 3.737749 4.015674 4.442608 1
bone 10 bone_L-pinky01.mesh 35 -0.1244058 0.9922122 -0.006100474 -0.2166215 -0.03315927 -0.9756922 -0.968297 -0.1200603 0.2190596 35.33808 21.29556 -8.923508 -0.246237 -0.1258777 -0.9610004 0.9665478 0.04155069 -0.2531 0.07179049 -0.9911757 0.1114356 -23.58486 -1.217959 41.47351 0.9892159 0.06293367 -0.1322546 0 -0.04875521 0.9929724 0.1078392 0 0.1381128 -0.1002281 0.9853321 0 -12.34384 4.063372 1.129299 1
bone 11 bone_R-pinky-base.mesh 1 0.4495771 -0.8742715 -0.1831125 0.2420302 -0.0781002 0.9671205 -0.8598269 -0.4791137 0.176488 27.96869 33.20548 -3.428425 0.6168392 0.07702014 -0.7833119 -0.7860864 0.0100695 -0.6180342 -0.03971353 0.9969784 0.06675579 22.148 -1.395008 43.298 0.9718418 -0.1567362 0.1759468 0 0.1722794 0.982053 -0.07675563 0 -0.1607591 0.1049063 0.9814029 0 13.43396 -2.324559 0.6388054 1
bone 12 bone_L-middlefinger02.mesh 25 -0.2410621 0.9600951 -0.1418009 0.1083259 -0.1185791 -0.9870177 -0.9644459 -0.2532925 -0.07541896 31.56378 26.12514 1.896037 -0.006612873 0.04206828 -0.9990925 0.9999031 -0.01191572 -0.007120015 -0.01220407 -0.9990437 -0.04198481 -24.78602 0.8125859 39.74124 0.9633268 0.120084 0.2399609 0 -0.1072383 0.9920439 -0.06594355 0 -0.2459698 0.03779242 0.9685405 0 1.104719 -0.06510371 7.940487 1
bone 13 bone_R-pinky03.mesh 9 -0.0221756 -0.9997256 -0.007442797 -0.219174 -0.002401493 0.9756824 -0.9754331 0.02326752 -0.2190607 36.00808 16.16875 8.931605 -0.288835 -0.1188204 -0.9499766 -0.9571354 0.05823115 0.2837281 0.02160631 0.9912065 -0.1305465 23.95511 -1.470723 39.35797 0.9631171 -0.06295761 -0.2616123 0 0.08668455 0.9930053 0.08015683 0 0.2547359 -0.09987811 0.9618378 0 -1.727985 4.045373 8.572678 1
bone 14 bone_R-pinky01.mesh 11 0.1248768 -0.9921439 -0.007443258 -0.2164454 -0.03456198 0.9756826 -0.9682751 -0.1202294 -0.2190611 35.33976 21.2956 8.931623 0.2465774 -0.1255291 -0.9609584 -0.9665621 0.0401831 -0.2532639 0.07040697 0.9912751 -0.1114235 23.58106 -1.196145 41.48278 0.9892365 -0.0629214 0.1321022 0 0.04873061 0.9929513 0.1080344 0 -0.137969 -0.1004343 0.9853303 0 12.34037 4.077108 1.134144 1
bone 15 bone_R-thumb03.mesh 6 -0.05919911 0.6917783 -0.7196783 0.5199865 -0.5940403 -0.6137844 -0.8521202 -0.4105578 -0.3245485 31.87345 7.60193 24.32483 0.4102214 0.3808556 -0.8286541 0.5509205 -0.8275872 -0.1076344 -0.7267771 -0.4123681 -0.5493153 21.80503 3.022192 41.15755 0.8798758 -0.2982807 0.3699268 0 0.332125 0.942765 -0.02978858 0 -0.3398683 0.1490711 0.9285825 0 21.38953 -1.160671 0.5652542 1
bone 16 bone_R-thumb01.mesh 1 -0.1743852 0.6720501 -0.7196789 0.6122524 -0.4984144 -0.613784 -0.7711914 -0.5476595 -0.324548 32.91494 12.904 24.32482 0.01392858 0.7907205 -0.6120184 0.6867318 -0.4524519 -0.5689343 -0.7267773 -0.4123676 -0.5493152 21.44204 0.5804525 43.47079 0.9821355 -0.145188 0.1197052 0 0.1123351 0.9627336 0.2460162 0 -0.1509627 -0.2281742 0.9618447 0 13.08335 10.73777 2.622726 1
bone 17 bone_R-index03.mesh 19 0.06956037 -0.9817224 -0.1771463 0.1881728 -0.161476 0.9687701 -0.9796683 -0.1007222 0.1735013 33.67057 20.56436 -6.097757 0.008370504 0.1002444 -0.9949281 -0.9975836 -0.06779218 -0.01522261 -0.06897432 0.9926503 0.09943463 24.72816 2.026615 39.11189 0.992151 -0.1023182 -0.07187767 0 0.09584063 0.99146 -0.08843107 0 0.08031135 0.08084807 0.9934848 0 4.91592 -2.045143 4.69273 1
bone 18 bone_R-index01.mesh 1 0.2880589 -0.9410845 -0.1771458 0.2196059 -0.1151375 0.9687703 -0.9320908 -0.3179653 0.1735013 30.9221 27.80935 -6.09776 0.4650995 0.120174 -0.877064 -0.8825673 -0.01424781 -0.4699699 -0.06897436 0.9926501 0.09943496 23.59306 1.68087 41.77602 0.976765 -0.1278183 0.1720208 0 0.1369349 0.9896813 -0.04216766 0 -0.1648564 0.06474337 0.9841895 0 13.85188 -1.052264 0.9794693 1
bone 19 bone_R-index02.mesh 18 0.1057796 -0.9784829 -0.1771463 0.1940097 -0.1544144 0.9687704 -0.975279 -0.136844 0.1735013 34.02778 21.79417 -6.097755 0.2347733 0.113024 -0.9654574 -0.9696001 -0.04324764 -0.240843 -0.06897481 0.9926503 0.09943464 24.493 1.913403 40.07895 0.98579 -0.1215716 0.1159206 0 0.1284478 0.9902561 -0.05378916 0 -0.1082527 0.06791437 0.9918003 0 11.77077 -1.236127 1.371277 1
bone 20 bone_L-hand.mesh -1 -0.6168138 0.7861767 -0.03829214 0.07614788 0.01118122 -0.9970338 -0.7834169 -0.6179003 -0.06676237 21.25529 44.45357 2.319398 -0.6168142 0.07614777 -0.7834169 0.7861773 0.01118123 -0.6179003 -0.03829226 -0.997034 -0.06676245 -21.74901 0.1969292 44.27448 1 -3.72529e-09 -2.561137e-08 0 3.72529e-09 1 7.450581e-09 0 3.841706e-08 0 1 0 0 -4.768372e-07 -3.814697e-06 1
bone 21 bone_R-ringfinger-base.mesh 1 0.4495768 -0.8742714 -0.1831125 0.2420301 -0.07810018 0.9671206 -0.8598269 -0.4791138 0.1764878 27.94495 33.31021 -4.183303 0.6168392 0.07702014 -0.7833119 -0.7860864 0.0100695 -0.6180342 -0.03971353 0.9969784 0.06675579 22.231 -0.5230094 43.481 0.9718416 -0.1567362 0.1759469 0 0.1722794 0.9820532 -0.07675559 0 -0.160759 0.1049061 0.9814029 0 13.44997 -2.205931 0.7252731 1
bone 22 bone_L-index02.mesh 27 -0.1058877 0.9787238 -0.1757463 0.1938604 -0.1530303 -0.9690195 -0.9752975 -0.1366778 -0.1735318 34.02297 21.79499 6.104467 -0.2347688 0.1126923 -0.9654973 0.9697017 -0.04187559 -0.2406786 -0.06755342 -0.9927475 -0.09944671 -24.50095 1.890291 40.06953 0.9858015 0.1215543 -0.1158462 0 -0.1284455 0.9902466 -0.05397476 0 0.1081554 0.06808821 0.9917995 0 -11.76622 -1.248455 1.367794 1
bone 23 bone_R-ringfinger03.mesh 5 0.1606582 -0.9850277 -0.0625175 -0.02753343 -0.06778838 0.9973195 -0.9866251 -0.1585054 -0.0380119 32.58474 22.98318 2.040074 -0.1354637 -0.01121378 -0.9907189 -0.9907808 0.003184632 0.1354354 0.001635902 0.9999315 -0.01154176 24.53829 -0.3390979 38.77568 0.9540809 -0.06745175 -0.2918532 0 0.07252472 0.997344 0.006586112 0 0.2906338 -0.02745028 0.9564397 0 -2.643709 1.408631 9.582561 1
bone 24 bone_R-ringfinger01.mesh 21 0.3170391 -0.9463493 -0.06251635 -0.01626934 -0.07133429 0.9973194 -0.9482719 -0.3151715 -0.03801225 31.3072 28.1852 2.040064 0.4079652 -0.01123405 -0.9129279 -0.9129837 0.000445378 -0.407996 0.004989821 0.999936 -0.01007495 23.79626 -0.3065639 41.49567 0.9930304 -0.06649546 0.09730271 0 0.06346617 0.9974066 0.03390889 0 -0.09930514 -0.02749726 0.9946756 0 10.84607 1.394216 1.394447 1
bone 25 bone_L-middlefinger01.mesh 20 -0.3115996 0.9395739 -0.1418008 0.1168215 -0.1102188 -0.9870179 -0.9430059 -0.3241188 -0.07541899 31.13598 28.39398 1.896042 -0.4185477 0.04323736 -0.9071645 0.9081119 0.006502374 -0.4186755 -0.01220328 -0.9990438 -0.04198519 -23.86837 0.7177894 41.73018 0.985388 0.1343019 -0.1047509 0 -0.1369416 0.9904084 -0.01839028 0 0.1012772 0.03246624 0.9943286 0 -11.13849 0.3544265 1.51725 1
bone 26 bone_L-foreTwist2.mesh 8 -0.7273377 -0.1035373 -0.6784241 0.1673324 -0.9854737 -0.02899937 -0.6655669 -0.1346147 0.734098 18.6684 3.90223 -47.25115 -0.7273384 0.1673324 -0.6655669 -0.1035374 -0.9854742 -0.1346147 -0.6784244 -0.02899936 0.7340977 -18.07406 -0.6485345 47.63732 1 0 2.980232e-08 0 -5.587935e-09 1 -3.72529e-09 0 2.980232e-08 -5.587935e-09 1 0 1.907349e-06 1.788139e-07 0 1
bone 27 bone_L-index01.mesh 20 -0.288211 0.9413006 -0.1757461 0.2191989 -0.1138065 -0.9690195 -0.9321403 -0.3178058 -0.1735318 30.91722 27.80926 6.104469 -0.4651203 0.1195161 -0.8771433 0.882667 -0.01299913 -0.46982 -0.06755329 -0.9927477 -0.0994468 -23.60097 1.659036 41.76675 0.9767799 0.1277896 -0.1719621 0 -0.1369466 0.989669 -0.04243433 0 0.1647633 0.06499872 0.9841893 0 -13.84726 -1.067552 0.975502 1
bone 28 bone_L-pinky03.mesh 36 0.02265042 0.9997241 -0.006099949 -0.2191425 -0.0009882264 -0.975692 -0.97543 0.02343684 0.2190596 36.00638 16.169 -8.923496 0.289164 -0.1184113 -0.9499276 0.9570044 0.05958549 0.2838905 0.02298662 -0.9911759 0.1305501 -23.95816 -1.493071 39.34863 0.9631498 0.0629331 0.2614996 0 -0.08674172 0.9929726 0.08051224 0 -0.2545947 -0.1002282 0.9618396 0 1.722275 4.051559 8.570436 1
bone 29 bone_L-thumb03.mesh 33 0.05860879 -0.6908677 -0.7206017 0.5200687 -0.5950186 0.6127658 -0.8521107 -0.410676 0.3244255 31.86663 7.604947 -24.32842 -0.410619 0.380275 -0.828724 -0.5497311 -0.8283663 -0.1077284 -0.7274531 0.4113396 0.549192 -21.81473 3.002885 41.14856 0.8799295 0.2981669 -0.3698932 0 -0.3322082 0.9427172 -0.03036699 0 0.3396499 0.1496028 0.928578 0 -21.38266 -1.185956 0.5596809 1
bone 30 bone_L-middlefinger03.mesh 12 -0.08066282 0.9866034 -0.141801 0.08745592 -0.1347107 -0.9870173 -0.9928976 -0.09201629 -0.07541893 34.05233 20.83241 1.896034 0.2982365 0.03644083 -0.9537958 0.9544133 -0.02416173 0.2975066 -0.01220361 -0.9990438 -0.04198463 -24.79359 0.861085 38.59801 0.9193013 0.1148879 0.3764104 0 -0.09044193 0.9925153 -0.08205285 0 -0.3830194 0.04138807 0.9228126 0 5.221655 -0.2955887 12.23722 1
bone 31 bone_L-ringfinger03.mesh 39 -0.1604508 0.9851495 -0.06111261 -0.02776023 -0.06639427 -0.9974068 -0.9866537 -0.158338 0.03800122 32.58161 22.98327 -2.032402 0.1356471 -0.01102206 -0.9906963 0.9907525 0.004585904 0.1356039 0.003048117 -0.9999292 0.01154241 -24.54283 -0.3622714 38.76626 0.9540883 0.06739458 0.2918427 0 -0.07258609 0.9973377 0.006986157 0 -0.2905946 -0.0278497 0.9564415 0 2.641306 1.41627 9.580942 1
bone 32 bone_L-thumb01.mesh 20 0.1736501 -0.6712514 -0.7206016 0.6124988 -0.4993641 0.612765 -0.7711619 -0.5477745 0.3244261 32.9077 12.90583 -24.32844 -0.0149429 0.7907005 -0.6120209 -0.6859946 -0.4534234 -0.5690513 -0.7274535 0.4113393 0.5491916 -21.44868 0.5616621 43.46189 0.9820841 0.1452546 -0.1200494 0 -0.1123495 0.9627808 0.2458271 0 0.1512889 -0.2279351 0.9618509 0 -13.09594 10.72275 2.616634 1
bone 33 bone_L-thumb02.mesh 32 0.133191 -0.6804363 -0.7206012 0.5815341 -0.5351042 0.6127656 -0.8025447 -0.5006692 0.3244259 31.923 11.01618 -24.32843 -0.2879183 0.5435248 -0.7884692 -0.6228281 -0.7316972 -0.2769569 -0.7274535 0.4113394 0.5491914 -21.48298 2.376614 42.05707 0.9096506 0.2738542 -0.3123135 0 -0.2799149 0.9596671 0.02620465 0 0.3068934 0.06358454 0.9496174 0 -19.83758 1.659809 0.4747963 1
bone 34 bone_L-index03.mesh 22 -0.06965945 0.9819673 -0.1757464 0.1880748 -0.1600876 -0.9690196 -0.9796809 -0.1005551 -0.1735318 33.6658 20.56535 6.104464 -0.00834303 0.1002326 -0.9949296 0.9976814 -0.06638139 -0.01505328 -0.06755367 -0.9927478 -0.09944623 -24.7361 2.00317 39.10243 0.9921439 0.1023054 0.07200174 0 -0.0958247 0.9914702 -0.08834602 0 -0.08042575 0.08075237 0.9934843 0 -4.911692 -2.04777 4.690693 1
bone 35 bone_L-pinky-base.mesh 20 -0.4497727 0.8744622 -0.1817148 0.2413941 -0.07686371 -0.9673784 -0.8599032 -0.4789654 -0.1765189 27.96804 33.20382 3.451634 -0.6168146 0.0761478 -0.7834168 0.7861768 0.01118106 -0.6179006 -0.03829236 -0.9970336 -0.06676229 -22.14823 -1.39531 43.29816 0.9718665 0.1567039 -0.1758395 0 -0.1722807 0.982031 -0.07703365 0 0.1606086 0.1051602 0.9814004 0 -13.42742 -2.335747 0.6404305 1
bone 36 bone_L-pinky02.mesh 10 -0.1100288 0.9939089 -0.006099995 -0.2170789 -0.03001934 -0.975692 -0.9699336 -0.10603 0.2190596 34.53156 20.79783 -8.923495 -0.004894638 -0.1252632 -0.9921108 0.9990052 0.04336854 -0.01040389 0.04433023 -0.9911755 0.1249264 -23.95481 -1.40708 40.02969 0.9931883 0.0629331 0.09805816 0 -0.0721796 0.9929721 0.09378897 0 -0.09146605 -0.1002279 0.990751 0 -3.742264 4.01411 4.439404 1
bone 37 bone_L-ringfinger-base.mesh 20 -0.4497727 0.8744622 -0.1817148 0.2413941 -0.07686371 -0.9673784 -0.8599032 -0.4789654 -0.1765189 27.94465 33.30735 4.207006 -0.6168146 0.0761478 -0.7834168 0.7861768 0.01118106 -0.6179006 -0.03829236 -0.9970336 -0.06676229 -22.23052 -0.5226018 43.48143 0.9718665 0.1567039 -0.1758395 0 -0.1722807 0.982031 -0.07703365 0 0.1606086 0.1051602 0.9814004 0 -13.44282 -2.216792 0.7276268 1
bone 38 bone_L-ringfinger01.mesh 37 -0.3168546 0.9465023 -0.061113 -0.01671759 -0.06999607 -0.9974068 -0.9483268 -0.3150112 0.03800176 31.30407 28.18478 -2.032427 -0.4077945 -0.01181091 -0.9129978 0.9130514 0.001736936 -0.4078413 0.006402429 -0.9999294 0.010076 -23.80131 -0.3286842 41.48637 0.9930256 0.06649505 -0.09735101 0 -0.06347849 0.9974123 0.03376054 0 0.09934437 -0.02734563 0.9946778 0 -10.84579 1.382825 1.390419 1
bone 39 bone_L-ringfinger02.mesh 38 -0.1388037 0.9884319 -0.06111253 -0.02921022 -0.06576937 -0.997407 -0.9898893 -0.1366584 0.03800129 34.49758 22.26309 -2.032402 0.0359368 -0.009839309 -0.9993064 0.9993334 0.006760388 0.03587124 0.006402399 -0.9999293 0.01007596 -24.5781 -0.3511826 39.74725 0.9823936 0.06915613 0.173548 0 -0.07316105 0.9971792 0.01678091 0 -0.1718975 -0.02918264 0.9846836 0 -1.103128 1.492151 6.05172 1
# vert  pos.x pos.y pos.z  idx0 idx1 idx2 idx3  w0 w1 w2 w3
nv 1256
v 16.7883 6.422266 19.51515 19 18 19 19 0.933135 0.06684978 0 0
v 16.85108 6.400472 19.10058 19 17 19 19 0.7564508 0.243534 0 0
v 16.58775 6.11055 19.21406 19 17 19 19 0.8798047 0.1201801 0 0
v 16.49632 6.081025 19.51331 19 19 19 19 1 0 0 0
v 16.56424 5.780124 19.43252 19 19 19 19 1 0 0 0
v 16.65217 5.84317 19.15764 19 17 19 19 0.8859541 0.1140307 0 0
v 16.83252 5.704603 19.14616 19 17 19 19 0.8823072 0.1176776 0 0
v 16.77271 5.609382 19.45442 19 19 19 19 1 0 0 0
v 16.83252 5.704603 19.14616 19 17 19 19 0.8823072 0.1176776 0 0
v 17.21935 5.882767 19.02883 19 17 19 19 0.8271153 0.1728695 0 0
v 17.15826 5.853488 19.46704 19 19 19 19 1 0 0 0
v 16.77271 5.609382 19.45442 19 19 19 19 1 0 0 0
v 17.19802 6.26256 19.0454 19 17 19 19 0.9380026 0.06198215 0 0
v 17.15022 6.198391 19.51158 19 19 19 19 1 0 0 0
v 16.86391 6.39535 18.80521 19 17 19 19 0.4604868 0.539498 0 0
v 16.84721 6.349119 18.34932 17 17 17 17 1 0 0 0
v 16.61977 6.084062 18.40583 17 17 17 17 1 0 0 0
v 16.62522 6.120357 18.92242 19 17 19 19 0.6911421 0.3088426 0 0
v 17.22099 5.903698 18.73408 19 17 19 19 0.7402304 0.2597543 0 0
v 17.18949 5.882509 18.31019 17 17 17 17 1 0 0 0
v 17.14738 6.192828 18.38922 17 17 17 17 1 0 0 0
v 17.19467 6.269649 18.74794 19 17 19 19 0.7414969 0.2584878 0 0
v 16.68474 5.858794 18.87064 19 17 19 19 0.572427 0.4275578 0 0
v 16.85524 5.73069 18.85607 19 17 19 19 0.6844892 0.3154956 0 0
v 16.58775 6.11055 19.21406 19 17 19 19 0.8798047 0.1201801 0 0
v 16.62522 6.120357 18.92242 19 17 19 19 0.6911421 0.3088426 0 0
v 16.85524 5.73069 18.85607 19 17 19 19 0.6844892 0.3154956 0 0
v 16.88085 5.71037 18.40349 17 17 17 17 1 0 0 0
v 16.65854 5.836798 18.39713 17 17 17 17 1 0 0 0
v 16.61977 6.084062 18.40583 17 17 17 17 1 0 0 0
v 16.49632 6.081025 19.51331 19 19 19 19 1 0 0 0
v 16.88085 5.71037 18.40349 17 17 17 17 1 0 0 0
v 17.15643 6.002983 18.21541 17 17 17 17 1 0 0 0
v 17.12219 6.187316 18.32056 17 17 17 17 1 0 0 0
v 17.14631 5.883603 18.09028 17 17 17 17 1 0 0 0
v 17.15087 5.975626 18.0814 17 17 17 17 1 0 0 0
v 17.1252 6.002037 17.91654 17 17 17 17 1 0 0 0
v 17.09806 5.939079 17.87782 17 17 17 17 1 0 0 0
v 17.01945 6.159266 17.74298 17 17 17 17 1 0 0 0
v 17.06085 6.191656 17.84959 17 17 17 17 1 0 0 0
v 16.93988 6.275799 17.92381 17 17 17 17 1 0 0 0
v 16.84359 6.280242 17.87303 17 17 17 17 1 0 0 0
v 16.81653 6.32467 18.10917 17 17 17 17 1 0 0 0
v 16.92616 6.316356 18.09975 17 17 17 17 1 0 0 0
v 16.96592 6.286795 18.24732 17 17 17 17 1 0 0 0
v 16.89548 5.730636 18.1726 17 17 17 17 1 0 0 0
v 16.6831 5.868954 18.15766 17 17 17 17 1 0 0 0
v 16.64047 6.087951 18.14116 17 17 17 17 1 0 0 0
v 16.90959 5.792292 17.95105 17 17 17 17 1 0 0 0
v 16.89548 5.730636 18.1726 17 17 17 17 1 0 0 0
v 17.089 6.195951 18.03006 17 17 17 17 1 0 0 0
v 16.64047 6.087951 18.14116 17 17 17 17 1 0 0 0
v 16.73982 5.921504 17.92698 17 17 17 17 1 0 0 0
v 16.90959 5.792292 17.95105 17 17 17 17 1 0 0 0
v 16.73261 6.072832 17.8898 17 17 17 17 1 0 0 0
v 16.73261 6.072832 17.8898 17 17 17 17 1 0 0 0
v 16.73982 5.921504 17.92698 17 17 17 17 1 0 0 0
v 16.80111 6.177721 21.27339 18 1 18 18 0.8898451 0.1101396 0 0
v 16.99818 6.219218 20.29859 19 18 19 19 0.4430457 0.5569391 0 0
v 16.64603 6.471766 20.24314 19 18 19 19 0.451667 0.5483177 0 0
v 16.31768 6.380391 21.24483 18 1 18 18 0.8798047 0.1201801 0 0
v 17.03075 5.930718 20.23727 19 18 19 19 0.4430152 0.5569696 0 0
v 16.79031 5.839003 21.14418 18 1 18 18 0.9293965 0.07058824 0 0
v 16.34088 6.171616 20.13943 19 18 19 19 0.3798886 0.6200961 0 0
v 16.10515 6.112097 20.67243 18 18 18 18 1 0 0 0
v 16.65172 5.669657 20.07852 19 18 19 19 0.379797 0.6201877 0 0
v 16.45019 5.568235 20.76797 18 1 18 18 0.9126421 0.08734264 0 0
v 16.18815 5.792266 20.55439 18 18 18 18 1 0 0 0
v 16.45019 5.568235 20.76797 18 1 18 18 0.9126421 0.08734264 0 0
v 16.65172 5.669657 20.07852 19 18 19 19 0.379797 0.6201877 0 0
v 16.55609 5.805517 19.74312 19 18 19 19 0.8611124 0.1388724 0 0
v 16.45806 6.075083 19.83473 19 18 19 19 0.8596628 0.140322 0 0
v 16.45806 6.075083 19.83473 19 18 19 19 0.8596628 0.140322 0 0
v 16.73131 6.450631 19.94462 19 18 19 19 0.6997177 0.300267 0 0
v 17.09195 6.2707 20.017 19 18 19 19 0.546212 0.4537728 0 0
v 16.43898 5.837809 20.01673 19 18 19 19 0.5226978 0.4772869 0 0
v 16.34088 6.171616 20.13943 19 18 19 19 0.3798886 0.6200961 0 0
v 16.7316 5.601176 19.78258 19 18 19 19 0.8589151 0.1410697 0 0
v 16.7316 5.601176 19.78258 19 18 19 19 0.8589151 0.1410697 0 0
v 17.10498 5.942835 19.9446 19 18 19 19 0.5798123 0.4201724 0 0
v 16.10515 6.112097 20.67243 18 18 18 18 1 0 0 0
v 14.12563 10.52129 21.63546 6 15 6 6 0.9554284 0.04455635 0 0
v 14.16986 10.57164 21.79282 6 16 6 6 0.7729 0.2270848 0 0
v 13.82167 10.63242 21.98252 6 6 6 6 1 0 0 0
v 14.06355 10.56652 21.34753 15 6 15 15 0.1227283 0.8772565 0 0
v 13.75455 10.83643 21.5995 6 6 6 6 1 0 0 0
v 13.70874 10.70547 21.49644 15 6 15 15 0.333135 0.6668498 0 0
v 13.85587 11.23356 21.84966 6 6 6 6 1 0 0 0
v 13.82181 11.20827 21.68417 15 6 15 15 0.2198672 0.7801175 0 0
v 14.26102 11.3164 21.79701 15 6 15 15 0.1660182 0.8339666 0 0
v 14.29302 11.20108 21.99066 6 15 6 6 0.9488365 0.05114824 0 0
v 14.44842 10.89354 21.83254 6 6 6 6 1 0 0 0
v 14.48665 10.97605 21.61973 15 6 15 15 0.1248493 0.8751354 0 0
v 14.35374 10.76868 21.67242 6 6 6 6 1 0 0 0
v 14.3841 10.69575 21.45812 15 6 15 15 0.2198825 0.7801023 0 0
v 14.48665 10.97605 21.61973 15 6 15 15 0.1248493 0.8751354 0 0
v 14.44842 10.89354 21.83254 6 6 6 6 1 0 0 0
v 13.73902 10.3135 21.45358 15 15 15 15 1 0 0 0
v 13.95983 10.00892 21.38831 15 15 15 15 1 0 0 0
v 14.44398 10.47479 21.69075 15 15 15 15 1 0 0 0
v 14.18202 10.77193 21.77104 15 15 15 15 1 0 0 0
v 14.37544 10.22725 21.45931 15 15 15 15 1 0 0 0
v 14.44398 10.47479 21.69075 15 15 15 15 1 0 0 0
v 13.85391 10.64932 21.7067 15 15 15 15 1 0 0 0
v 13.90816 10.99843 22.26966 6 6 6 6 1 0 0 0
v 14.3816 11.05553 22.26602 6 6 6 6 1 0 0 0
v 14.40854 10.67945 21.79402 6 6 6 6 1 0 0 0
v 14.02507 11.06135 21.23924 15 15 15 15 1 0 0 0
v 14.08288 11.09809 21.19803 15 15 15 15 1 0 0 0
v 13.87323 11.06185 21.06079 15 15 15 15 1 0 0 0
v 13.84325 10.99671 21.12783 15 15 15 15 1 0 0 0
v 13.81859 10.76805 21.02297 15 15 15 15 1 0 0 0
v 13.79402 10.8253 21.09465 15 15 15 15 1 0 0 0
v 13.76791 10.58195 21.19564 15 15 15 15 1 0 0 0
v 13.7579 10.47729 21.16808 15 15 15 15 1 0 0 0
v 13.76449 10.43847 21.43566 15 15 15 15 1 0 0 0
v 13.87538 10.70307 21.61008 15 15 15 15 1 0 0 0
v 14.09734 10.81402 21.67801 15 15 15 15 1 0 0 0
v 14.16399 10.95509 21.48794 15 15 15 15 1 0 0 0
v 14.09003 10.93503 21.47251 15 15 15 15 1 0 0 0
v 13.88981 10.82147 21.36429 15 15 15 15 1 0 0 0
v 14.20163 10.70033 21.03273 15 15 15 15 1 0 0 0
v 14.3126 10.41171 21.24058 15 15 15 15 1 0 0 0
v 13.87545 10.2952 21.1424 15 15 15 15 1 0 0 0
v 13.885 10.56841 20.93956 15 15 15 15 1 0 0 0
v 14.37493 10.70981 21.44546 15 15 15 15 1 0 0 0
v 14.37493 10.70981 21.44546 15 15 15 15 1 0 0 0
v 14.20163 10.70033 21.03273 15 15 15 15 1 0 0 0
v 14.26076 10.89711 21.20029 15 15 15 15 1 0 0 0
v 14.26076 10.89711 21.20029 15 15 15 15 1 0 0 0
v 16.93576 3.556732 18.97869 0 4 0 0 0.921706 0.07827878 0 0
v 17.29982 3.86983 19.53879 0 4 0 0 0.7412833 0.2587014 0 0
v 17.36659 3.660179 18.496 7 0 7 7 0.5999085 0.4000763 0 0
v 17.01163 3.514218 18.4346 7 0 7 7 0.16112 0.8388647 0 0
v 17.65279 3.681394 19.50302 0 4 0 0 0.8568704 0.1431144 0 0
v 17.71286 3.432863 18.49601 7 0 7 7 0.7210498 0.2789349 0 0
v 17.63284 3.245586 19.32138 0 0 0 0 1 0 0 0
v 17.21592 3.041014 18.44162 7 0 7 7 0.2066072 0.7933776 0 0
v 17.18589 3.061227 18.98691 0 0 0 0 1 0 0 0
v 16.99509 3.262998 18.90579 0 4 0 0 0.9594263 0.04055848 0 0
v 17.02131 3.23032 18.41519 0 7 0 0 0.8540627 0.145922 0 0
v 17.01163 3.514218 18.4346 7 0 7 7 0.16112 0.8388647 0 0
v 17.24534 2.858899 17.77922 7 0 7 7 0.8720226 0.1279622 0 0
v 17.61938 2.959599 17.64795 7 0 7 7 0.8340887 0.1658961 0 0
v 17.63705 3.043137 18.44707 7 0 7 7 0.5673152 0.4326696 0 0
v 17.21592 3.041014 18.44162 7 0 7 7 0.2066072 0.7933776 0 0
v 17.70819 3.37053 17.72782 7 0 7 7 0.8328832 0.1671015 0 0
v 17.07211 3.034738 17.81835 7 0 7 7 0.8264897 0.1734951 0 0
v 17.24534 2.858899 17.77922 7 0 7 7 0.8720226 0.1279622 0 0
v 17.06459 3.315694 17.79995 7 0 7 7 0.8743114 0.1256733 0 0
v 17.02395 2.971423 17.47474 7 7 7 7 1 0 0 0
v 17.0272 3.322715 17.49134 7 0 7 7 0.9043717 0.09561303 0 0
v 17.0194 3.310165 17.01252 7 7 7 7 1 0 0 0
v 17.59733 3.226412 16.98175 7 7 7 7 1 0 0 0
v 17.69215 3.313423 17.40218 7 0 7 7 0.9470359 0.05294881 0 0
v 17.58734 2.891247 17.31205 7 7 7 7 1 0 0 0
v 17.43028 3.539928 17.38192 7 0 7 7 0.9468528 0.05313192 0 0
v 17.38678 3.460545 16.94784 7 7 7 7 1 0 0 0
v 17.0194 3.310165 17.01252 7 7 7 7 1 0 0 0
v 17.0272 3.322715 17.49134 7 0 7 7 0.9043717 0.09561303 0 0
v 17.21639 2.814881 17.47159 7 0 7 7 0.9061875 0.09379721 0 0
v 17.06459 3.315694 17.79995 7 0 7 7 0.8743114 0.1256733 0 0
v 17.43374 3.565564 17.69547 7 0 7 7 0.8766308 0.1233539 0 0
v 17.21639 2.814881 17.47159 7 0 7 7 0.9061875 0.09379721 0 0
v 17.22516 2.76574 17.00701 7 7 7 7 1 0 0 0
v 17.22516 2.76574 17.00701 7 7 7 7 1 0 0 0
v 17.18589 3.061227 18.98691 0 0 0 0 1 0 0 0
v 17.52668 2.998285 16.85318 7 7 7 7 1 0 0 0
v 17.54588 3.210573 16.92244 7 7 7 7 1 0 0 0
v 17.52342 2.86376 16.94254 7 7 7 7 1 0 0 0
v 17.45845 2.835892 16.75383 7 7 7 7 1 0 0 0
v 17.49061 2.973237 16.71527 7 7 7 7 1 0 0 0
v 17.45045 2.975624 16.58615 7 7 7 7 1 0 0 0
v 17.41862 2.901636 16.48763 7 7 7 7 1 0 0 0
v 17.44453 3.146453 16.49417 7 7 7 7 1 0 0 0
v 17.40986 3.134892 16.39196 7 7 7 7 1 0 0 0
v 17.3192 3.342997 16.48494 7 7 7 7 1 0 0 0
v 17.38074 3.304948 16.577 7 7 7 7 1 0 0 0
v 17.33318 3.413844 16.73937 7 7 7 7 1 0 0 0
v 17.4004 3.353776 16.73302 7 7 7 7 1 0 0 0
v 17.47318 3.352301 16.86536 7 7 7 7 1 0 0 0
v 17.23773 2.772084 16.78389 7 7 7 7 1 0 0 0
v 16.97206 2.991715 16.97887 7 7 7 7 1 0 0 0
v 16.98302 3.015868 16.72346 7 7 7 7 1 0 0 0
v 17.23773 2.772084 16.78389 7 7 7 7 1 0 0 0
v 17.25807 2.811964 16.56607 7 7 7 7 1 0 0 0
v 17.49235 3.177246 16.66583 7 7 7 7 1 0 0 0
v 17.03697 3.307934 16.78399 7 7 7 7 1 0 0 0
v 17.03697 3.307934 16.78399 7 7 7 7 1 0 0 0
v 17.08269 3.069722 16.48711 7 7 7 7 1 0 0 0
v 17.25807 2.811964 16.56607 7 7 7 7 1 0 0 0
v 17.07766 3.286887 16.5611 7 7 7 7 1 0 0 0
v 17.08269 3.069722 16.48711 7 7 7 7 1 0 0 0
v 17.07766 3.286887 16.5611 7 7 7 7 1 0 0 0
v 16.93576 3.556732 18.97869 0 4 0 0 0.921706 0.07827878 0 0
v 17.29294 -4.233231 20.87822 9 14 9 9 0.9454337 0.054551 0 0
v 17.26875 -4.288064 20.40942 13 9 13 13 0.2755169 0.7244678 0 0
v 16.88658 -4.26137 20.72002 9 9 9 9 1 0 0 0
v 17.3781 -4.517458 20.43085 13 9 13 13 0.3038224 0.6961623 0 0
v 17.40324 -4.444131 20.89338 9 9 9 9 1 0 0 0
v 17.27529 -4.676685 21.08891 9 9 9 9 1 0 0 0
v 17.23527 -4.749995 20.58213 13 9 13 13 0.2998703 0.7001144 0 0
v 17.32746 -4.602648 19.80568 13 9 13 13 0.8235752 0.1764096 0 0
v 17.2389 -4.363489 19.78477 13 9 13 13 0.7706264 0.2293584 0 0
v 16.95204 -4.790322 20.00377 13 9 13 13 0.7687801 0.2312047 0 0
v 17.19711 -4.841372 19.89501 13 9 13 13 0.8337987 0.166186 0 0
v 16.96168 -4.742063 20.62599 13 9 13 13 0.2307317 0.7692531 0 0
v 16.80634 -4.5321 20.5419 9 13 9 9 0.7636988 0.236286 0 0
v 16.81622 -4.609565 19.96834 13 9 13 13 0.7577478 0.242237 0 0
v 16.95204 -4.790322 20.00377 13 9 13 13 0.7687801 0.2312047 0 0
v 16.96168 -4.742063 20.62599 13 9 13 13 0.2307317 0.7692531 0 0
v 16.88658 -4.26137 20.72002 9 9 9 9 1 0 0 0
v 16.81543 -4.469656 20.89888 9 9 9 9 1 0 0 0
v 17.15026 -4.874568 19.47772 13 13 13 13 1 0 0 0
v 17.26346 -4.66057 19.38708 13 13 13 13 1 0 0 0
v 16.86247 -4.435471 19.48303 13 13 13 13 1 0 0 0
v 16.89473 -4.353432 20.11247 13 9 13 13 0.550988 0.4489967 0 0
v 17.1792 -4.448394 19.3306 13 13 13 13 1 0 0 0
v 16.92345 -4.856385 19.53504 13 13 13 13 1 0 0 0
v 16.92345 -4.856385 19.53504 13 13 13 13 1 0 0 0
v 16.79886 -4.68586 19.49419 13 13 13 13 1 0 0 0
v 16.89473 -4.353432 20.11247 13 9 13 13 0.550988 0.4489967 0 0
v 16.86247 -4.435471 19.48303 13 13 13 13 1 0 0 0
v 16.97904 -4.699172 21.01482 9 9 9 9 1 0 0 0
v 16.97904 -4.699172 21.01482 9 9 9 9 1 0 0 0
v 17.05719 -4.866879 18.84018 13 13 13 13 1 0 0 0
v 16.92091 -4.894425 18.87509 13 13 13 13 1 0 0 0
v 16.8344 -4.757835 18.86873 13 13 13 13 1 0 0 0
v 17.08066 -4.721305 18.78213 13 13 13 13 1 0 0 0
v 17.10164 -4.590817 19.16896 13 13 13 13 1 0 0 0
v 17.08752 -4.605658 19.00838 13 13 13 13 1 0 0 0
v 17.05078 -4.563573 18.9721 13 13 13 13 1 0 0 0
v 17.08727 -4.510154 19.19291 13 13 13 13 1 0 0 0
v 17.20522 -4.659207 19.30478 13 13 13 13 1 0 0 0
v 17.19404 -4.673059 19.24636 13 13 13 13 1 0 0 0
v 17.1267 -4.807097 19.21559 13 13 13 13 1 0 0 0
v 17.12935 -4.875297 19.25734 13 13 13 13 1 0 0 0
v 17.08536 -4.901785 18.99049 13 13 13 13 1 0 0 0
v 17.10776 -4.831294 19.0129 13 13 13 13 1 0 0 0
v 17.08748 -4.816748 18.88891 13 13 13 13 1 0 0 0
v 17.10089 -4.718415 18.87186 13 13 13 13 1 0 0 0
v 17.07779 -4.633865 18.8869 13 13 13 13 1 0 0 0
v 17.042 -4.588421 18.84307 13 13 13 13 1 0 0 0
v 16.907 -4.916019 19.03987 13 13 13 13 1 0 0 0
v 17.11141 -4.705484 18.98072 13 13 13 13 1 0 0 0
v 16.81373 -4.534343 19.05529 13 13 13 13 1 0 0 0
v 16.82813 -4.502126 19.19975 13 13 13 13 1 0 0 0
v 16.77332 -4.754667 19.02457 13 13 13 13 1 0 0 0
v 16.907 -4.916019 19.03987 13 13 13 13 1 0 0 0
v 16.90505 -4.907722 19.20786 13 13 13 13 1 0 0 0
v 16.75999 -4.738863 19.18657 13 13 13 13 1 0 0 0
v 16.82813 -4.502126 19.19975 13 13 13 13 1 0 0 0
v 16.81373 -4.534343 19.05529 13 13 13 13 1 0 0 0
v 16.90505 -4.907722 19.20786 13 13 13 13 1 0 0 0
v 16.8184 -4.589515 18.9185 13 13 13 13 1 0 0 0
v 16.8344 -4.757835 18.86873 13 13 13 13 1 0 0 0
v 16.92091 -4.894425 18.87509 13 13 13 13 1 0 0 0
v 16.8184 -4.589515 18.9185 13 13 13 13 1 0 0 0
v 15.03803 4.128723 30.36893 2 3 2 2 0.9875944 0.01239033 0 0
v 14.7887 3.909104 30.7737 2 3 2 2 0.967361 0.03262379 0 0
v 15.16609 3.702713 30.93405 2 3 2 2 0.9480278 0.05195697 0 0
v 15.80379 3.596347 30.27811 2 2 2 2 1 0 0 0
v 15.42585 3.316083 31.00912 2 3 2 2 0.9358358 0.06414893 0 0
v 15.58068 2.792229 30.93275 2 3 2 2 0.934905 0.06507973 0 0
v 15.36391 1.888878 30.64764 2 3 2 2 0.9397269 0.06025788 0 0
v 15.01124 1.741302 30.56264 2 3 2 2 0.950927 0.04905776 0 0
v 15.28454 1.901704 30.12721 2 3 2 2 0.9736629 0.02632181 0 0
v 15.61325 2.104684 30.06754 2 3 2 2 0.9883116 0.01167315 0 0
v 14.86277 2.026913 29.84106 2 2 2 2 1 0 0 0
v 15.62197 2.300882 30.61409 2 3 2 2 0.9412528 0.05873198 0 0
v 13.86863 2.910057 31.09353 2 3 2 2 0.8359808 0.164004 0 0
v 13.90407 3.212337 31.39439 2 3 2 2 0.8311132 0.1688716 0 0
v 14.19788 3.595396 30.35755 2 2 2 2 1 0 0 0
v 14.18837 3.28652 30.01023 2 2 2 2 1 0 0 0
v 13.9336 2.615087 30.82039 2 3 2 2 0.8772259 0.1227588 0 0
v 14.34408 2.927577 29.76593 2 2 2 2 1 0 0 0
v 14.00691 2.298089 30.79822 2 3 2 2 0.8580759 0.1419089 0 0
v 14.81173 3.371783 32.05062 2 3 2 2 0.7729763 0.2270085 0 0
v 15.07419 2.975549 32.11903 2 3 2 2 0.7637904 0.2361944 0 0
v 14.45176 3.546821 31.91327 2 3 2 2 0.7752956 0.2246891 0 0
v 15.07477 1.779196 31.75395 2 3 2 2 0.7393911 0.2605936 0 0
v 14.79258 1.53353 31.51316 2 3 2 2 0.7882048 0.21178 0 0
v 14.40741 1.709705 30.96793 2 3 2 2 0.8196079 0.1803769 0 0
v 14.14517 2.006532 30.76856 2 3 2 2 0.8771496 0.1228351 0 0
v 15.23671 2.455746 32.00997 2 3 2 2 0.7641718 0.2358129 0 0
v 14.05926 3.456106 31.56745 2 3 2 2 0.8349737 0.1650111 0 0
v 14.32852 3.857693 30.513 2 2 2 2 1 0 0 0
v 15.39796 4.003964 30.38167 2 3 1 2 0.9708553 0.0115816 0.01753262 0
v 15.58944 4.194383 29.88235 1 2 1 1 0.06430152 0.9356833 0 0
v 15.3567 4.351796 29.99047 1 2 1 1 0.02322423 0.9767605 0 0
v 15.97611 3.123195 29.66302 2 1 2 2 0.8676432 0.1323415 0 0
v 15.89831 2.501879 29.57084 2 1 2 2 0.885298 0.1146868 0 0
v 15.61281 2.178968 29.06022 1 2 1 1 0.1642939 0.8356909 0 0
v 15.77642 2.26773 29.59088 2 1 2 2 0.9384146 0.06157015 0 0
v 14.46447 2.679503 29.55926 2 1 2 2 0.9542992 0.04568551 0 0
v 14.61425 2.369772 29.57464 2 1 2 2 0.9494163 0.0505684 0 0
v 14.00691 2.298089 30.79822 2 3 2 2 0.8580759 0.1419089 0 0
v 14.46447 2.679503 29.55926 2 1 2 2 0.9542992 0.04568551 0 0
v 15.12487 2.425415 28.04551 1 2 11 1 0.3129778 0.633341 0.05365072 0
v 14.36543 4.778944 29.42521 2 16 2 2 0.8747845 0.1252003 0 0
v 14.79764 4.580796 29.78631 2 16 2 2 0.9521935 0.04779126 0 0
v 14.09351 10.82598 23.24703 16 16 16 16 1 0 0 0
v 14.68018 9.049948 24.74822 16 1 2 16 0.617792 0.2145876 0.1675898 0
v 14.53265 11.35955 22.76667 16 6 16 16 0.7959411 0.2040436 0 0
v 14.81673 10.8731 22.92272 16 1 16 16 0.9063554 0.09362936 0 0
v 14.8405 11.25154 22.2022 16 16 16 16 1 0 0 0
v 14.60425 11.21006 22.15718 16 6 16 16 0.779675 0.2203098 0 0
v 14.97343 10.20927 23.61689 16 1 16 16 0.8197452 0.1802396 0 0
v 14.03642 10.65398 22.18934 16 16 16 16 1 0 0 0
v 13.85468 10.77802 22.4027 16 6 16 16 0.7991608 0.200824 0 0
v 14.35842 10.76011 21.8938 16 6 16 16 0.7722439 0.2277409 0 0
v 14.54692 11.11296 21.95952 16 16 16 16 1 0 0 0
v 13.93453 11.17468 22.69537 16 6 16 16 0.7763028 0.223682 0 0
v 14.48662 10.82081 21.94892 6 6 6 6 1 0 0 0
v 14.60425 11.21006 22.15718 16 6 16 16 0.779675 0.2203098 0 0
v 14.48662 10.82081 21.94892 6 6 6 6 1 0 0 0
v 13.93592 10.29633 22.75044 16 16 16 16 1 0 0 0
v 13.89717 10.55863 22.98803 16 16 16 16 1 0 0 0
v 14.69981 10.94128 22.02267 16 16 16 16 1 0 0 0
v 14.39711 10.63767 22.01344 16 16 16 16 1 0 0 0
v 14.8405 11.25154 22.2022 16 16 16 16 1 0 0 0
v 16.79238 3.181389 20.87316 4 1 4 4 0.8198367 0.180148 0 0
v 17.09759 3.005076 19.39494 0 4 0 0 0.7644312 0.2355535 0 0
v 17.5697 3.251533 19.80502 0 4 0 0 0.6811627 0.318822 0 0
v 17.29539 3.145888 20.94343 4 4 4 4 1 0 0 0
v 16.56025 3.977126 20.76126 4 1 18 4 0.7536126 0.1118334 0.1345388 0
v 17.00599 3.735644 20.96488 4 4 4 4 1 0 0 0
v 17.23973 3.84767 20.02613 0 4 0 0 0.4198672 0.5801175 0 0
v 16.84293 3.530361 19.26935 0 4 0 0 0.8977798 0.1022049 0 0
v 16.84293 3.530361 19.26935 0 4 0 0 0.8977798 0.1022049 0 0
v 16.89372 3.235236 19.29152 0 4 0 0 0.7741359 0.2258488 0 0
v 16.56454 3.305658 20.58041 4 1 4 4 0.9202716 0.07971313 0 0
v 17.09759 3.005076 19.39494 0 4 0 0 0.7644312 0.2355535 0 0
v 16.79238 3.181389 20.87316 4 1 4 4 0.8198367 0.180148 0 0
v 17.59549 3.677499 19.9771 0 4 0 0 0.5619135 0.4380713 0 0
v 17.32701 3.556891 21.00789 4 4 4 4 1 0 0 0
v 16.56025 3.977126 20.76126 4 1 18 4 0.7536126 0.1118334 0.1345388 0
v 15.38571 7.880733 24.35519 16 1 2 16 0.3436637 0.6365301 0.01977569 0
v 15.52223 7.136305 24.9482 1 2 16 1 0.7262532 0.0301976 0.243534 0
v 15.7586 5.906207 25.17359 1 2 1 1 0.9812467 0.01873808 0 0
v 15.72345 6.044683 24.83801 1 1 1 1 1 0 0 0
v 14.18924 9.521832 22.86938 16 1 2 16 0.9217517 0.01000992 0.06820783 0
v 14.40173 10.41453 22.05097 16 16 16 16 1 0 0 0
v 14.60789 8.262425 22.94157 16 1 2 16 0.670634 0.2933699 0.03598077 0
v 14.66362 6.469919 24.21795 16 1 2 16 0.4237583 0.4021363 0.1740902 0
v 15.37162 5.080739 27.74962 1 2 1 1 0.507393 0.4925917 0 0
v 15.36111 6.11466 26.54113 1 2 16 1 0.5654383 0.3018692 0.1326619 0
v 15.06933 5.616541 27.27338 16 1 2 16 0.0532845 0.5042649 0.4424201 0
v 15.20048 4.934485 28.40951 1 2 1 1 0.357763 0.6422217 0 0
v 15.29072 7.880443 23.96431 16 1 16 16 0.3329366 0.6670482 0 0
v 14.18662 5.804752 26.35373 16 1 2 16 0.3444419 0.09787136 0.5576715 0
v 13.95088 10.09991 23.27664 16 16 16 16 1 0 0 0
v 14.20792 4.987154 27.64699 16 1 2 16 0.2311284 0.05008011 0.7187762 0
v 14.11006 5.870546 27.74373 16 2 16 16 0.3198138 0.6801709 0 0
v 14.26849 4.12337 29.1944 2 16 1 2 0.9101396 0.07922484 0.01062028 0
v 14.76602 5.626987 28.44223 16 1 2 16 0.1694362 0.1006027 0.7299306 0
v 14.30409 6.837222 27.31433 16 2 16 16 0.4285496 0.5714351 0 0
v 14.64336 7.780805 26.45252 16 1 2 16 0.4798047 0.06468299 0.4554818 0
v 14.19082 9.572748 24.5952 16 2 16 16 0.8372015 0.1627833 0 0
v 14.54217 5.194116 26.16806 16 1 2 16 0.2696422 0.2273289 0.5029984 0
v 15.01714 6.32757 23.93544 16 1 2 16 0.3977417 0.4970168 0.105211 0
v 15.03672 6.844196 23.43915 16 1 2 16 0.3756924 0.5989929 0.0252842 0
v 14.88303 10.28131 22.22185 16 1 16 16 0.9043565 0.09562829 0 0
v 15.31989 7.40611 25.16656 16 1 2 16 0.3142596 0.5916838 0.0940261 0
v 15.84738 5.481157 26.10564 1 2 1 1 0.839826 0.1601587 0 0
v 15.60161 4.955953 27.75954 1 2 1 1 0.5127031 0.4872816 0 0
v 14.47005 3.636576 28.3344 16 1 2 16 0.03996338 0.119173 0.8408484 0
v 14.7289 3.288135 28.06293 1 2 1 1 0.2178073 0.7821774 0 0
v 14.51362 3.74986 28.74992 1 2 16 1 0.06775006 0.8701915 0.06202792 0
v 14.7278 3.245347 28.64893 2 1 2 2 0.8381781 0.1618067 0 0
v 15.24826 5.851407 23.8446 16 1 2 16 0.1690242 0.8075837 0.02336156 0
v 15.11403 8.691423 23.14725 16 1 16 16 0.5399863 0.4599985 0 0
v 13.97369 10.42864 23.42893 16 16 16 16 1 0 0 0
v 15.59956 6.735453 24.2245 1 16 1 1 0.880293 0.1196918 0 0
v 16.02296 6.045422 24.65404 1 1 1 1 1 0 0 0
v 15.26293 5.092167 24.27879 16 1 2 21 0.168246 0.6778058 0.08068971 0.07322805
v 15.56635 4.634094 24.1099 16 1 2 21 0.07849241 0.7828794 0.05886931 0.07972839
v 15.41087 4.123533 24.65391 1 2 21 16 0.6576028 0.1407492 0.1230793 0.07852293
v 14.88896 4.437372 26.11958 16 1 2 21 0.1576257 0.3891966 0.4388953 0.01425193
v 15.52797 5.032166 23.97704 16 1 2 21 0.07640192 0.8763103 0.03486687 0.01239033
v 15.15051 3.677321 26.37909 1 2 21 16 0.4689555 0.4313878 0.06346227 0.03616388
v 15.26293 5.092167 24.27879 16 1 2 21 0.168246 0.6778058 0.08068971 0.07322805
v 15.15051 3.677321 26.37909 1 2 21 16 0.4689555 0.4313878 0.06346227 0.03616388
v 14.95677 3.203513 27.48525 1 2 1 1 0.3798276 0.6201572 0 0
v 15.24826 5.851407 23.8446 16 1 2 16 0.1690242 0.8075837 0.02336156 0
v 15.49943 5.113609 23.95778 1 1 1 1 1 0 0 0
v 15.11403 8.691423 23.14725 16 1 16 16 0.5399863 0.4599985 0 0
v 15.42153 6.414495 23.76345 16 1 18 16 0.1256428 0.8121004 0.06224155 0
v 15.11403 8.691423 23.14725 16 1 16 16 0.5399863 0.4599985 0 0
v 15.25432 3.079287 25.26736 1 2 11 21 0.5284047 0.1731746 0.1765927 0.1217823
v 15.66974 3.318767 23.78394 1 11 21 1 0.2863356 0.3410239 0.3726253 0
v 15.17964 3.328378 25.99162 1 2 11 21 0.5176166 0.3291524 0.0458381 0.1073625
v 14.95677 3.203513 27.48525 1 2 1 1 0.3798276 0.6201572 0 0
v 15.87842 6.171219 24.02884 1 18 1 1 0.9040665 0.09591821 0 0
v 15.76396 4.597471 22.50003 1 18 4 21 0.5981537 0.1980011 0.1929198 0.01087968
v 15.61312 5.754476 23.30706 18 1 18 18 0.2580911 0.7418936 0 0
v 15.61312 5.754476 23.30706 18 1 18 18 0.2580911 0.7418936 0 0
v 15.42153 6.414495 23.76345 16 1 18 16 0.1256428 0.8121004 0.06224155 0
v 15.9312 4.099004 22.91153 1 4 21 18 0.6436103 0.2115053 0.1243305 0.02052338
v 16.02086 3.595136 23.04998 1 21 4 24 0.5245746 0.3167773 0.08599985 0.07261769
v 16.07959 3.235715 23.14099 14 1 11 21 0.05072099 0.3719997 0.03184558 0.5454032
v 15.88418 4.900043 27.29194 1 2 1 1 0.6363317 0.363653 0 0
v 16.52541 4.677279 25.98838 1 2 1 1 0.8802472 0.1197375 0 0
v 16.12306 5.286966 26.09047 1 2 1 1 0.8422675 0.1577173 0 0
v 16.01487 5.86626 24.94284 1 1 1 1 1 0 0 0
v 16.73468 5.046972 24.98001 1 1 1 1 1 0 0 0
v 16.46062 5.556316 24.94687 1 1 1 1 1 0 0 0
v 16.277 5.769541 24.87821 1 1 1 1 1 0 0 0
v 15.99394 3.886136 29.21401 1 2 1 1 0.2188144 0.7811704 0 0
v 14.88976 3.154809 27.95056 1 2 1 1 0.3386129 0.6613718 0 0
v 15.86904 2.334193 28.98793 1 2 1 1 0.1712367 0.828748 0 0
v 16.06284 2.676793 29.21859 1 2 1 1 0.1506523 0.8493324 0 0
v 16.4206 5.69084 24.90711 1 1 1 1 1 0 0 0
v 16.79763 4.755166 24.94934 1 1 1 1 1 0 0 0
v 16.81921 4.940402 25.00323 1 1 1 1 1 0 0 0
v 15.66552 2.185414 28.39639 2 1 11 2 0.7171893 0.2585641 0.02423133 0
v 15.90931 2.42105 26.81803 1 2 11 1 0.4324559 0.393576 0.1739528 0
v 15.25659 2.325601 27.10633 1 2 11 1 0.4132754 0.4627451 0.1239643 0
v 15.48046 2.350777 25.96774 1 2 11 1 0.4349737 0.2551003 0.3099107 0
v 16.12803 2.639029 25.56276 1 2 11 1 0.5164721 0.1664454 0.3170519 0
v 15.09573 2.476295 27.71122 1 2 11 1 0.3324178 0.6085603 0.05899138 0
v 14.94841 2.820119 27.76596 1 2 11 1 0.3766384 0.5891966 0.03413443 0
v 14.88976 3.154809 27.95056 1 2 1 1 0.3386129 0.6613718 0 0
v 15.36893 2.856613 24.66826 1 2 11 21 0.4838026 0.04095522 0.4106355 0.06457618
v 16.73373 3.378365 24.26332 1 11 21 1 0.3557793 0.5819486 0.06225681 0
v 16.61211 3.521535 24.75868 1 2 11 21 0.4159152 0.01072709 0.4413672 0.13196
v 16.51339 3.180718 24.5632 1 11 21 1 0.4369421 0.5485923 0.01445029 0
v 16.27919 4.348101 27.27946 1 2 21 11 0.5681086 0.3657435 0.0351873 0.03093004
v 16.12996 2.853526 26.51968 1 2 11 21 0.5127184 0.2673533 0.1985046 0.02137789
v 16.26481 3.190449 26.5832 1 2 11 21 0.4193179 0.2700389 0.2678721 0.04274052
v 16.80004 4.109268 24.34616 1 11 21 1 0.12636 0.2669871 0.6066377 0
v 16.81069 3.626495 24.14312 1 11 21 1 0.3008469 0.3788663 0.3202564 0
v 16.1441 3.359373 28.68933 2 1 21 11 0.6762798 0.2547188 0.03671321 0.03227283
v 16.377 3.855001 26.38141 1 2 11 21 0.4902724 0.1896544 0.1497063 0.1703365
v 14.93233 2.997216 26.82172 1 2 11 21 0.5445334 0.4087434 0.03266957 0.01402304
v 16.83921 4.367414 24.44857 1 11 21 1 0.1759518 0.2709087 0.553109 0
v 16.60407 4.143802 25.25062 1 2 11 21 0.3210803 0.05329976 0.2396277 0.3859617
v 16.4698 3.432442 25.32158 1 2 11 21 0.4780652 0.05787747 0.3892882 0.07472343
v 16.3287 3.037529 25.44634 1 2 11 21 0.5760128 0.09004349 0.3117266 0.02218662
v 16.34389 2.884644 24.4272 1 11 1 1 0.481941 0.5180438 0 0
v 15.66842 2.527206 24.705 1 2 11 21 0.4639658 0.03575189 0.4850233 0.0152285
v 16.80404 3.479926 24.2457 1 11 21 1 0.3695888 0.4471962 0.1831998 0
v 16.83183 4.231513 24.39747 1 11 21 1 0.1367056 0.2598611 0.603418 0
v 15.95112 2.385612 23.94163 11 1 14 11 0.6238346 0.3290608 0.04707408 0
v 16.73213 5.735218 21.57615 18 1 18 18 0.8261692 0.1738155 0 0
v 16.43426 6.069843 24.18593 1 1 1 1 1 0 0 0
v 16.01043 6.009983 20.99433 18 1 18 18 0.9552148 0.04476997 0 0
v 16.12024 5.730348 20.79994 18 1 18 18 0.9515221 0.04846266 0 0
v 15.8726 5.571775 21.42829 18 1 18 18 0.7598993 0.2400855 0 0
v 15.81144 5.910253 21.73798 18 1 18 18 0.7348897 0.265095 0 0
v 16.73903 6.119868 21.60387 18 1 18 18 0.8369421 0.1630426 0 0
v 16.23448 6.331995 21.76853 18 1 18 18 0.7451286 0.2548562 0 0
v 16.01043 6.009983 20.99433 18 1 18 18 0.9552148 0.04476997 0 0
v 15.81144 5.910253 21.73798 18 1 18 18 0.7348897 0.265095 0 0
v 16.10425 6.271777 23.03286 18 1 18 18 0.3313649 0.6686198 0 0
v 16.66085 6.057139 22.35932 18 1 18 18 0.625391 0.3745937 0 0
v 16.72495 5.635881 22.79929 18 1 18 18 0.4594797 0.5405051 0 0
v 16.66048 5.772145 23.92058 1 18 1 1 0.8990158 0.1009689 0 0
v 16.60378 5.969682 23.99279 1 18 1 1 0.9192035 0.08078126 0 0
v 16.53231 5.852262 24.56136 1 1 1 1 1 0 0 0
v 16.59095 5.680365 24.56963 1 1 1 1 1 0 0 0
v 16.36209 5.931422 24.53893 1 1 1 1 1 0 0 0
v 16.32426 5.103261 21.00956 18 1 4 18 0.663325 0.1492027 0.1874571 0
v 15.93417 4.580118 21.8299 18 4 1 18 0.2448005 0.3198901 0.4352941 0
v 16.32426 5.103261 21.00956 18 1 4 18 0.663325 0.1492027 0.1874571 0
v 16.95901 5.166703 23.9961 1 4 1 1 0.9424124 0.05757229 0 0
v 16.88064 4.880729 23.13742 1 4 1 1 0.6999924 0.2999924 0 0
v 16.44909 4.033131 21.0412 18 4 1 18 0.1487449 0.6917067 0.1595178 0
v 15.72935 5.311515 21.89982 18 1 4 18 0.5744411 0.3592889 0.06625468 0
v 16.93938 3.917336 21.46757 4 1 4 4 0.8702983 0.1296864 0 0
v 16.44909 4.033131 21.0412 18 4 1 18 0.1487449 0.6917067 0.1595178 0
v 16.56319 5.179456 22.68933 18 1 4 18 0.2462959 0.6352484 0.1184405 0
v 16.10878 3.61182 22.02287 1 4 24 21 0.4724804 0.4113069 0.07426566 0.04191653
v 16.44279 3.222773 20.93055 4 1 24 4 0.805066 0.1380178 0.05688563 0
v 16.26208 2.807388 22.25983 1 24 4 21 0.431693 0.2788281 0.1472801 0.1421531
v 17.27044 3.608141 21.34602 4 1 4 4 0.9442893 0.05569543 0 0
v 17.03183 5.037772 24.59761 1 1 1 1 1 0 0 0
v 16.98003 4.781394 24.53715 1 1 1 1 1 0 0 0
v 17.10291 4.728266 23.95613 1 4 1 1 0.9398184 0.06016632 0 0
v 17.16926 4.773713 23.65546 1 4 1 1 0.8 0.2 0 0
v 16.88054 5.167315 24.57006 1 1 1 1 1 0 0 0
v 17.20078 3.96448 22.17042 4 1 4 4 0.710811 0.2891737 0 0
v 17.13576 3.920152 22.72048 1 11 4 1 0.5421836 0.00779736 0.4499885 0
v 17.10714 4.458734 23.6237 1 11 21 1 0.2712596 0.104097 0.6246128 0
v 16.75105 1.031434 21.44585 24 1 4 24 0.7590448 0.1392233 0.1017014 0
v 17.09392 0.7120391 21.99224 24 21 24 24 0.9378653 0.06211948 0 0
v 17.18357 0.682444 21.82613 24 21 24 24 0.9378653 0.06211948 0 0
v 16.85219 0.4623142 21.13896 24 1 24 24 0.9404135 0.05957122 0 0
v 16.8121 0.05356655 21.2988 24 21 1 24 0.9692683 0.01754788 0.01316854 0
v 16.75105 1.031434 21.44585 24 1 4 24 0.7590448 0.1392233 0.1017014 0
v 16.85219 0.4623142 21.13896 24 1 24 24 0.9404135 0.05957122 0 0
v 16.93773 3.394606 22.98498 24 1 11 21 0.2687114 0.6174105 0.0362707 0.07756161
v 17.21993 3.244792 21.39868 1 4 24 21 0.101564 0.8836194 0.009079118 0.005722133
v 17.07362 3.027443 23.18118 1 1 21 24 0.5878843 0 0.0486305 0.3634699
v 16.67344 2.596547 21.3872 4 24 1 4 0.4606088 0.2798962 0.2594797 0
v 16.67344 2.596547 21.3872 4 24 1 4 0.4606088 0.2798962 0.2594797 0
v 16.33547 -0.1344592 22.27006 14 21 1 24 0.465919 0.2853742 0.1639887 0.08468757
v 17.09164 -2.877317 22.28142 14 9 1 11 0.6363928 0.2233005 0.08052186 0.05976959
v 16.88682 -0.98769 22.5318 14 1 9 21 0.4018921 0.2269169 0.2181277 0.1530327
v 17.04595 -1.574703 22.87928 1 11 1 14 0.09370565 0.2055238 0 0.7007553
v 16.51764 -0.8514698 22.67568 14 1 11 21 0.5071489 0.1107347 0.3506218 0.03147936
v 16.75673 -4.368745 21.97558 14 9 21 14 0.855848 0.1299458 0.01417563 0
v 17.03894 -4.454738 22.23599 14 9 14 14 0.8053712 0.1946136 0 0
v 16.82607 0.09829634 23.1944 14 1 11 14 0.3890898 0.2707714 0.3401083 0
v 16.75673 -4.368745 21.97558 14 9 21 14 0.855848 0.1299458 0.01417563 0
v 16.51764 -0.8514698 22.67568 14 1 11 21 0.5071489 0.1107347 0.3506218 0.03147936
v 16.39111 -0.2316689 22.58207 14 1 11 21 0.4409705 0.07190051 0.3938964 0.09318685
v 16.64027 -4.072652 21.83817 14 9 21 14 0.8688182 0.1048905 0.02626078 0
v 17.11872 2.272294 22.91589 21 1 14 24 0.3757229 0.2774548 0.04679942 0.2999924
v 16.69794 -3.364189 21.76407 14 24 21 14 0.8880445 0.05665675 0.05528343 0
v 17.13028 -3.564991 21.8914 9 14 24 1 0.5139086 0.4093691 0.04138247 0.03530938
v 17.2369 -4.133874 22.23641 14 9 14 14 0.7696498 0.2303349 0 0
v 17.29448 -4.18925 21.97827 9 14 9 9 0.5072862 0.4927138 0 0
v 17.08383 -2.240447 22.90264 14 1 11 14 0.7623865 0.0844892 0.1530938 0
v 16.91194 -0.7815549 23.16983 14 1 11 14 0.5303731 0.1841917 0.2854047 0
v 16.84121 -2.262846 21.73938 14 24 1 9 0.559884 0.3254902 0.06216526 0.05244526
v 16.84121 -2.262846 21.73938 14 24 1 9 0.559884 0.3254902 0.06216526 0.05244526
v 16.69794 -3.364189 21.76407 14 24 21 14 0.8880445 0.05665675 0.05528343 0
v 17.19986 0.7514923 22.19511 24 21 1 24 0.7687495 0.1250172 0.1062181 0
v 16.86469 -0.4827482 21.51746 24 14 1 21 0.7731441 0.1456626 0.05273518 0.02842756
v 16.76302 -3.537459 21.59715 14 9 24 1 0.6225833 0.2796979 0.05958648 0.03810178
v 16.86469 -0.4827482 21.51746 24 14 1 21 0.7731441 0.1456626 0.05273518 0.02842756
v 16.68079 -4.116753 21.6607 14 9 21 14 0.7858091 0.1863432 0.02783246 0
v 16.76302 -3.537459 21.59715 14 9 24 1 0.6225833 0.2796979 0.05958648 0.03810178
v 16.83433 -4.116781 21.19843 9 14 9 9 0.9191729 0.08081178 0 0
v 17.2796 -4.154136 21.20074 9 14 9 9 0.7400168 0.259968 0 0
v 16.83433 -4.116781 21.19843 9 14 9 9 0.9191729 0.08081178 0 0
v 16.79719 -4.382297 21.85766 14 9 21 14 0.900618 0.08090334 0.01844816 0
v 17.09546 -4.506504 22.02694 14 9 14 14 0.5798428 0.4201419 0 0
v 16.93913 -4.644918 21.32272 9 14 9 9 0.8695354 0.1304494 0 0
v 17.25959 -4.611645 21.47608 9 14 9 9 0.4801251 0.5198596 0 0
v 16.7637 -4.410288 21.17918 9 14 9 9 0.9550316 0.04495308 0 0
v 16.93913 -4.644918 21.32272 9 14 9 9 0.8695354 0.1304494 0 0
v 16.79719 -4.382297 21.85766 14 9 21 14 0.900618 0.08090334 0.01844816 0
v 16.89221 -4.221351 20.91404 9 9 9 9 1 0 0 0
v 17.40077 -4.365594 21.22835 9 14 9 9 0.7638514 0.2361334 0 0
v 16.89221 -4.221351 20.91404 9 9 9 9 1 0 0 0
v 17.02431 4.455438 24.00432 1 11 21 1 0.1604181 0.1871214 0.65243 0
v 17.05198 4.250876 23.93428 1 11 21 1 0.1026017 0.20206 0.6953231 0
v 16.58228 3.115495 24.27651 1 11 21 1 0.4401617 0.5438773 0.01593042 0
v 16.93765 4.099833 23.86332 1 11 21 1 0.08555733 0.1685664 0.7458457 0
v 17.08899 4.080624 23.44352 1 11 21 1 0.08514534 0.1130236 0.8018158 0
v 17.41642 0.609627 22.14225 24 1 24 21 0.8960097 0.1011826 0 0.002777142
v 17.48878 0.2145218 21.78978 24 1 24 21 0.9957427 0.001144427 0 0.003097581
v 17.22348 4.098982 23.28275 21 24 21 21 0.9499962 0.04998856 0 0
v 16.98088 3.236117 23.81571 1 11 21 14 0.3191424 0.4138552 0.2347143 0.03227283
v 16.96687 3.319337 23.7712 1 11 21 14 0.3107042 0.4155337 0.2379645 0.03578241
v 16.85347 2.880591 23.84139 1 11 21 14 0.33991 0.410544 0.1945678 0.054963
v 16.61661 2.518485 23.86575 11 1 14 21 0.4722057 0.4373083 0.06019684 0.0302739
v 17.33554 1.503541 22.53777 1 1 21 24 0.09765774 0 0.2250858 0.6772259
v 16.25455 0.9412888 23.26879 14 1 11 21 0.2637522 0.2361028 0.4736401 0.0264744
v 17.28007 -0.06583097 21.85791 24 14 21 1 0.8517739 0.06733806 0.0458381 0.03501945
v 17.62194 -0.3725224 20.1482 5 24 5 5 0.8770123 0.1229725 0 0
v 17.66023 0.02739635 20.26346 5 24 5 5 0.7797666 0.2202182 0 0
v 17.39413 0.2356574 20.20955 5 24 5 5 0.7797513 0.2202335 0 0
v 16.99902 -0.2142775 21.17887 24 21 24 24 0.9833829 0.01660182 0 0
v 16.99902 -0.2142775 21.17887 24 21 24 24 0.9833829 0.01660182 0 0
v 16.87037 -0.05749668 21.01283 24 24 24 24 1 0 0 0
v 17.03635 0.09451136 19.8468 5 24 5 5 0.7797666 0.2202182 0 0
v 17.03635 0.09451136 19.8468 5 24 5 5 0.7797666 0.2202182 0 0
v 17.2235 -0.4124486 20.03596 5 24 5 5 0.6835584 0.3164263 0 0
v 17.2235 -0.4124486 20.03596 5 24 5 5 0.6835584 0.3164263 0 0
v 17.16051 0.04953453 19.44615 5 24 5 5 0.905745 0.09423972 0 0
v 17.44619 0.2243572 19.78552 5 24 5 5 0.9018082 0.09817655 0 0
v 17.47539 0.1832469 19.09782 5 5 5 5 1 0 0 0
v 17.68812 -0.3677061 19.8378 5 24 5 5 0.9019913 0.09799344 0 0
v 17.74878 -0.0006912351 19.79406 5 24 5 5 0.9472648 0.05271992 0 0
v 17.32779 -0.4373551 19.52363 5 24 5 5 0.9035019 0.0964828 0 0
v 17.0738 -0.20465 19.73395 5 24 5 5 0.829633 0.1703517 0 0
v 17.16051 0.04953453 19.44615 5 24 5 5 0.905745 0.09423972 0 0
v 17.20309 -0.20708 19.34569 5 24 5 5 0.9516442 0.04834058 0 0
v 17.32779 -0.4373551 19.52363 5 24 5 5 0.9035019 0.0964828 0 0
v 17.79936 -0.03632319 19.18571 5 5 5 5 1 0 0 0
v 17.7284 -0.4099544 19.1815 5 5 5 5 1 0 0 0
v 17.37271 -0.4922665 19.05742 5 5 5 5 1 0 0 0
v 17.37271 -0.4922665 19.05742 5 5 5 5 1 0 0 0
v 17.19955 0.02163121 18.96828 5 23 5 5 0.8442512 0.1557336 0 0
v 17.1956 -0.2464822 18.91496 5 23 5 5 0.8459449 0.1540398 0 0
v 17.19955 0.02163121 18.96828 5 23 5 5 0.8442512 0.1557336 0 0
v 17.73016 -0.3772404 18.5213 23 5 23 23 0.7985809 0.2014038 0 0
v 17.79466 -0.06554329 18.52408 23 5 23 23 0.8006867 0.1992981 0 0
v 17.50378 0.1713842 18.40203 23 5 23 23 0.8556954 0.1442893 0 0
v 17.4333 -0.4682224 18.59077 23 5 23 23 0.7983825 0.2016022 0 0
v 17.25986 -0.2385167 18.4756 23 5 23 23 0.7965972 0.2033875 0 0
v 17.4333 -0.4682224 18.59077 23 5 23 23 0.7983825 0.2016022 0 0
v 17.23213 0.02837139 18.52696 23 5 23 23 0.797528 0.2024567 0 0
v 17.73228 -0.3716432 18.20392 23 5 23 23 0.9420767 0.05790799 0 0
v 17.69389 -0.3336375 17.7878 23 23 23 23 1 0 0 0
v 17.70447 -0.1086604 17.88077 23 23 23 23 1 0 0 0
v 17.78451 -0.07950807 18.20769 23 5 23 23 0.9410086 0.05897612 0 0
v 17.26772 0.02305263 17.77462 23 23 23 23 1 0 0 0
v 17.25334 0.02508298 18.2099 23 5 23 23 0.9413291 0.05865568 0 0
v 17.5184 0.1623067 18.08463 23 23 23 23 1 0 0 0
v 17.26772 0.02305263 17.77462 23 23 23 23 1 0 0 0
v 17.17292 -0.2903984 17.701 23 23 23 23 1 0 0 0
v 17.22788 -0.2642321 18.15618 23 5 23 23 0.9416648 0.05831998 0 0
v 17.25334 0.02508298 18.2099 23 5 23 23 0.9413291 0.05865568 0 0
v 17.23213 0.02837139 18.52696 23 5 23 23 0.797528 0.2024567 0 0
v 17.45679 -0.4508132 18.27604 23 5 23 23 0.9412375 0.05874724 0 0
v 17.45679 -0.4508132 18.27604 23 5 23 23 0.9412375 0.05874724 0 0
v 17.44046 -0.4640305 17.81901 23 23 23 23 1 0 0 0
v 17.44046 -0.4640305 17.81901 23 23 23 23 1 0 0 0
v 17.60074 0.009946615 17.72658 23 23 23 23 1 0 0 0
v 17.57727 0.002439588 17.53678 23 23 23 23 1 0 0 0
v 17.53128 0.05664861 17.5272 23 23 23 23 1 0 0 0
v 17.54698 0.1017187 17.74905 23 23 23 23 1 0 0 0
v 17.66331 -0.1198905 17.79629 23 23 23 23 1 0 0 0
v 17.67603 -0.2653945 17.74027 23 23 23 23 1 0 0 0
v 17.62724 -0.3540066 17.572 23 23 23 23 1 0 0 0
v 17.63799 -0.2847915 17.55022 23 23 23 23 1 0 0 0
v 17.60556 -0.3003706 17.37189 23 23 23 23 1 0 0 0
v 17.61957 -0.2515255 17.41633 23 23 23 23 1 0 0 0
v 17.59147 -0.1460055 17.34606 23 23 23 23 1 0 0 0
v 17.57002 -0.1609775 17.25397 23 23 23 23 1 0 0 0
v 17.52183 -0.03331742 17.35448 23 23 23 23 1 0 0 0
v 17.56454 -0.06900543 17.39658 23 23 23 23 1 0 0 0
v 17.62691 -0.1357645 17.50174 23 23 23 23 1 0 0 0
v 17.43703 -0.4601166 17.59378 23 23 23 23 1 0 0 0
v 17.43703 -0.4601166 17.59378 23 23 23 23 1 0 0 0
v 17.19931 -0.2869615 17.4683 23 23 23 23 1 0 0 0
v 17.28628 0.01464266 17.56102 23 23 23 23 1 0 0 0
v 17.28628 0.01464266 17.56102 23 23 23 23 1 0 0 0
v 17.43409 -0.4304946 17.3737 23 23 23 23 1 0 0 0
v 17.32586 -0.2495375 17.26072 23 23 23 23 1 0 0 0
v 17.43409 -0.4304946 17.3737 23 23 23 23 1 0 0 0
v 17.32586 -0.2495375 17.26072 23 23 23 23 1 0 0 0
v 17.32076 -0.01230538 17.35412 23 23 23 23 1 0 0 0
v 17.32076 -0.01230538 17.35412 23 23 23 23 1 0 0 0
v -14.06355 -5.717282 52.39882 29 33 29 29 0.2198215 0.7801633 0 0
v -13.70874 -5.377058 52.44204 29 33 29 29 0.2198367 0.780148 0 0
v -13.75456 -5.772041 52.8445 33 33 33 33 1 0 0 0
v -14.12563 -6.046176 52.85894 33 33 33 33 1 0 0 0
v -13.82181 -4.982355 52.68653 29 33 29 29 0.2198672 0.7801175 0 0
v -13.85587 -5.374907 53.09466 33 33 33 33 1 0 0 0
v -14.26102 -4.926401 52.82676 29 33 29 29 0.2198215 0.7801633 0 0
v -14.29302 -5.35893 53.21022 33 33 33 33 1 0 0 0
v -14.48666 -5.304024 52.66906 29 33 29 29 0.2198215 0.7801633 0 0
v -14.44842 -5.714925 53.07755 33 33 33 33 1 0 0 0
v -14.35374 -5.839781 52.91742 33 33 33 33 1 0 0 0
v -14.3841 -5.494867 52.46048 29 33 29 29 0.2198825 0.7801023 0 0
v -14.48666 -5.304024 52.66906 29 33 29 29 0.2198215 0.7801633 0 0
v -14.44842 -5.714925 53.07755 33 33 33 33 1 0 0 0
v -13.95983 -4.696853 51.52842 29 29 29 29 1 0 0 0
v -13.73902 -4.392281 51.59369 29 29 29 29 1 0 0 0
v -14.44398 -4.23099 51.83086 29 29 29 29 1 0 0 0
v -14.18202 -3.933848 51.91114 29 29 29 29 1 0 0 0
v -14.44398 -4.23099 51.83086 29 29 29 29 1 0 0 0
v -14.37544 -4.478524 51.59942 29 29 29 29 1 0 0 0
v -13.85391 -4.056456 51.84681 29 29 29 29 1 0 0 0
v -14.02507 -3.644429 51.37934 29 29 29 29 1 0 0 0
v -13.84325 -3.709062 51.26793 29 29 29 29 1 0 0 0
v -13.87323 -3.643926 51.20089 29 29 29 29 1 0 0 0
v -14.08287 -3.607682 51.33813 29 29 29 29 1 0 0 0
v -13.81859 -3.937727 51.16307 29 29 29 29 1 0 0 0
v -13.79402 -3.88048 51.23475 29 29 29 29 1 0 0 0
v -13.7679 -4.123822 51.33574 29 29 29 29 1 0 0 0
v -13.7579 -4.228491 51.30818 29 29 29 29 1 0 0 0
v -13.76449 -4.267303 51.57576 29 29 29 29 1 0 0 0
v -13.87537 -4.002707 51.75018 29 29 29 29 1 0 0 0
v -14.09734 -3.891763 51.81812 29 29 29 29 1 0 0 0
v -14.09003 -3.770743 51.61261 29 29 29 29 1 0 0 0
v -14.16399 -3.750686 51.62804 29 29 29 29 1 0 0 0
v -13.88981 -3.884308 51.50439 29 29 29 29 1 0 0 0
v -14.20163 -4.005449 51.17283 29 29 29 29 1 0 0 0
v -13.885 -4.13737 51.07966 29 29 29 29 1 0 0 0
v -13.87545 -4.410576 51.28251 29 29 29 29 1 0 0 0
v -14.3126 -4.294069 51.38068 29 29 29 29 1 0 0 0
v -14.37493 -3.995972 51.58557 29 29 29 29 1 0 0 0
v -14.37493 -3.995972 51.58557 29 29 29 29 1 0 0 0
v -14.20163 -4.005449 51.17283 29 29 29 29 1 0 0 0
v -14.26076 -3.808662 51.34039 29 29 29 29 1 0 0 0
v -14.26076 -3.808662 51.34039 29 29 29 29 1 0 0 0
v -14.03642 -7.200618 54.46031 32 32 32 32 1 0 0 0
v -14.16986 -6.178496 53.04888 33 33 33 33 1 0 0 0
v -13.82167 -5.97605 53.22752 33 33 33 33 1 0 0 0
v -13.85468 -6.952008 54.66396 32 32 32 32 1 0 0 0
v -14.35842 -6.952824 54.15372 32 32 32 32 1 0 0 0
v -14.54692 -6.741638 54.2305 32 32 32 32 1 0 0 0
v -14.40854 -5.92901 53.03902 33 33 33 33 1 0 0 0
v -13.90816 -5.610039 53.51466 33 33 33 33 1 0 0 0
v -13.93454 -6.540693 54.95548 32 32 32 32 1 0 0 0
v -14.60425 -6.507756 54.41748 32 32 32 32 1 0 0 0
v -14.48662 -5.787655 53.19392 33 33 33 33 1 0 0 0
v -14.60425 -6.507756 54.41748 32 32 32 32 1 0 0 0
v -14.53266 -6.368033 55.02773 32 32 32 32 1 0 0 0
v -14.3816 -5.552931 53.51102 33 33 33 33 1 0 0 0
v -14.48662 -5.787655 53.19392 33 33 33 33 1 0 0 0
v -17.24535 -0.3255715 52.68973 30 12 30 30 0.7799497 0.2200351 0 0
v -17.21593 -0.6220717 52.62101 12 12 12 12 1 0 0 0
v -17.63705 -0.1696182 53.44162 30 30 30 30 1 0 0 0
v -17.61939 -0.2366465 52.54967 30 12 30 30 0.7800717 0.219913 0 0
v -17.71286 0.271136 53.52866 30 30 30 30 1 0 0 0
v -17.70819 0.1729766 52.62856 30 12 30 30 0.780087 0.2198978 0 0
v -16.93576 -0.1827148 53.05717 12 12 12 12 1 0 0 0
v -17.01163 -0.1645678 52.60227 12 12 12 12 1 0 0 0
v -17.36659 0.3259077 53.20827 30 12 30 30 0.5999085 0.4000763 0 0
v -17.29983 0.1142452 53.50428 12 12 12 12 1 0 0 0
v -17.65279 -0.06366575 53.54219 12 12 12 12 1 0 0 0
v -17.02131 -0.4536998 52.57895 12 12 12 12 1 0 0 0
v -17.21593 -0.6220717 52.62101 12 12 12 12 1 0 0 0
v -17.24535 -0.3255715 52.68973 30 12 30 30 0.7799497 0.2200351 0 0
v -17.07211 -0.1641247 52.71811 30 12 30 30 0.7795072 0.2204776 0 0
v -17.01163 -0.1645678 52.60227 12 12 12 12 1 0 0 0
v -17.06459 0.1325326 52.71143 30 12 30 30 0.7798123 0.2201724 0 0
v -17.58734 -0.1775854 52.41408 30 30 30 30 1 0 0 0
v -17.21639 -0.2853523 52.55017 30 30 30 30 1 0 0 0
v -17.69216 0.2262739 52.49054 30 30 30 30 1 0 0 0
v -17.0272 0.2224822 52.56992 30 30 30 30 1 0 0 0
v -17.43029 0.4527792 52.47028 30 30 30 30 1 0 0 0
v -17.43374 0.3837109 52.60793 30 12 30 30 0.7799344 0.2200503 0 0
v -17.06459 0.1325326 52.71143 30 12 30 30 0.7798123 0.2201724 0 0
v -17.21639 -0.2853523 52.55017 30 30 30 30 1 0 0 0
v -17.02395 -0.09740901 52.57677 30 30 30 30 1 0 0 0
v -17.0272 0.2224822 52.56992 30 30 30 30 1 0 0 0
v -17.18589 -0.6712037 53.11452 12 12 12 12 1 0 0 0
v -17.63284 -0.4868447 53.44899 12 12 12 12 1 0 0 0
v -17.52669 -0.07054722 51.9552 30 30 30 30 1 0 0 0
v -17.52342 -0.2050723 52.04456 30 30 30 30 1 0 0 0
v -17.59733 0.1575799 52.08377 30 30 30 30 1 0 0 0
v -17.54588 0.141741 52.02447 30 30 30 30 1 0 0 0
v -17.49062 -0.09559524 51.8173 30 30 30 30 1 0 0 0
v -17.45845 -0.2329403 51.85585 30 30 30 30 1 0 0 0
v -17.45046 -0.09320819 51.68818 30 30 30 30 1 0 0 0
v -17.41862 -0.1671963 51.58965 30 30 30 30 1 0 0 0
v -17.44454 0.07762098 51.5962 30 30 30 30 1 0 0 0
v -17.40987 0.06605983 51.49398 30 30 30 30 1 0 0 0
v -17.38075 0.2361161 51.67902 30 30 30 30 1 0 0 0
v -17.31921 0.274165 51.58697 30 30 30 30 1 0 0 0
v -17.40041 0.2849441 51.83504 30 30 30 30 1 0 0 0
v -17.33319 0.3450122 51.84139 30 30 30 30 1 0 0 0
v -17.47319 0.2834691 51.96739 30 30 30 30 1 0 0 0
v -17.38678 0.3917131 52.04986 30 30 30 30 1 0 0 0
v -17.23774 -0.2967483 51.88592 30 30 30 30 1 0 0 0
v -16.98302 -0.05296409 51.82549 30 30 30 30 1 0 0 0
v -16.97206 -0.07711709 52.08089 30 30 30 30 1 0 0 0
v -17.22516 -0.3030924 52.10904 30 30 30 30 1 0 0 0
v -17.25807 -0.2568684 51.6681 30 30 30 30 1 0 0 0
v -17.23774 -0.2967483 51.88592 30 30 30 30 1 0 0 0
v -17.49235 0.1084141 51.76786 30 30 30 30 1 0 0 0
v -17.03697 0.2391021 51.88601 30 30 30 30 1 0 0 0
v -17.01941 0.2413331 52.11454 30 30 30 30 1 0 0 0
v -17.03697 0.2391021 51.88601 30 30 30 30 1 0 0 0
v -17.01941 0.2413331 52.11454 30 30 30 30 1 0 0 0
v -17.25807 -0.2568684 51.6681 30 30 30 30 1 0 0 0
v -17.08269 0.0008900166 51.58914 30 30 30 30 1 0 0 0
v -17.22516 -0.3030924 52.10904 30 30 30 30 1 0 0 0
v -17.07766 0.2180551 51.66313 30 30 30 30 1 0 0 0
v -17.08269 0.0008900166 51.58914 30 30 30 30 1 0 0 0
v -17.07766 0.2180551 51.66313 30 30 30 30 1 0 0 0
v -16.86391 0.01719546 52.242 22 34 22 22 0.4604868 0.539498 0 0
v -16.62522 -0.2750266 52.36087 22 34 22 22 0.4605631 0.5394217 0 0
v -16.61977 -0.2261271 51.90398 34 34 34 34 1 0 0 0
v -16.84721 0.0389297 51.84748 34 34 34 34 1 0 0 0
v -17.22098 -0.5162811 52.13311 22 34 22 22 0.7402304 0.2597543 0 0
v -17.19467 -0.150331 52.14697 22 34 22 22 0.7402151 0.2597696 0 0
v -17.14739 -0.1173613 51.88737 34 34 34 34 1 0 0 0
v -17.1895 -0.4276793 51.80835 34 34 34 34 1 0 0 0
v -16.83252 -0.7449539 52.50974 22 22 22 22 1 0 0 0
v -16.85524 -0.6644006 52.29449 22 34 22 22 0.4605783 0.5394064 0 0
v -16.68474 -0.5278285 52.30824 22 34 22 22 0.4604563 0.5395285 0 0
v -16.65217 -0.6066799 52.52124 22 22 22 22 1 0 0 0
v -16.62522 -0.2750266 52.36087 22 34 22 22 0.4605631 0.5394217 0 0
v -16.58775 -0.3387156 52.57761 22 22 22 22 1 0 0 0
v -16.85107 -0.03974128 52.46326 22 22 22 22 1 0 0 0
v -16.58775 -0.3387156 52.57761 22 22 22 22 1 0 0 0
v -17.21934 -0.5627031 52.39201 22 22 22 22 1 0 0 0
v -16.85524 -0.6644006 52.29449 22 34 22 22 0.4605783 0.5394064 0 0
v -16.83252 -0.7449539 52.50974 22 22 22 22 1 0 0 0
v -17.19802 -0.1910853 52.40937 22 22 22 22 1 0 0 0
v -16.88085 -0.599818 51.90165 34 34 34 34 1 0 0 0
v -16.65854 -0.4733911 51.89528 34 34 34 34 1 0 0 0
v -16.61977 -0.2261271 51.90398 34 34 34 34 1 0 0 0
v -16.88085 -0.599818 51.90165 34 34 34 34 1 0 0 0
v -17.15643 -0.3072064 51.71356 34 34 34 34 1 0 0 0
v -17.12219 -0.1228733 51.81872 34 34 34 34 1 0 0 0
v -17.15088 -0.3345623 51.57956 34 34 34 34 1 0 0 0
v -17.14631 -0.4265854 51.58844 34 34 34 34 1 0 0 0
v -17.1252 -0.3081527 51.4147 34 34 34 34 1 0 0 0
v -17.09806 -0.3711095 51.37598 34 34 34 34 1 0 0 0
v -17.01946 -0.1509233 51.24114 34 34 34 34 1 0 0 0
v -17.06086 -0.1185334 51.34775 34 34 34 34 1 0 0 0
v -16.93988 -0.03439045 51.42197 34 34 34 34 1 0 0 0
v -16.8436 -0.02994728 51.37119 34 34 34 34 1 0 0 0
v -16.92617 0.006166697 51.5979 34 34 34 34 1 0 0 0
v -16.81653 0.01448059 51.60732 34 34 34 34 1 0 0 0
v -16.96592 -0.02339411 51.74548 34 34 34 34 1 0 0 0
v -16.89548 -0.5795531 51.67075 34 34 34 34 1 0 0 0
v -16.6831 -0.4412351 51.65582 34 34 34 34 1 0 0 0
v -16.64047 -0.2222381 51.63932 34 34 34 34 1 0 0 0
v -16.90959 -0.5178974 51.44921 34 34 34 34 1 0 0 0
v -16.89548 -0.5795531 51.67075 34 34 34 34 1 0 0 0
v -17.089 -0.1142373 51.52822 34 34 34 34 1 0 0 0
v -16.64047 -0.2222381 51.63932 34 34 34 34 1 0 0 0
v -16.90959 -0.5178974 51.44921 34 34 34 34 1 0 0 0
v -16.73982 -0.3886843 51.42514 34 34 34 34 1 0 0 0
v -16.73261 -0.2373574 51.38796 34 34 34 34 1 0 0 0
v -16.73261 -0.2373574 51.38796 34 34 34 34 1 0 0 0
v -16.73982 -0.3886843 51.42514 34 34 34 34 1 0 0 0
v -17.40323 2.900601 52.94425 36 36 36 36 1 0 0 0
v -17.37809 2.860024 52.85202 28 36 28 28 0.239704 0.7602808 0 0
v -17.23527 2.627244 53.00034 28 36 28 28 0.239704 0.7602808 0 0
v -17.27528 2.668047 53.13978 36 36 36 36 1 0 0 0
v -17.32746 2.851802 53.07326 28 28 28 28 1 0 0 0
v -17.26874 3.073677 52.66754 36 36 36 36 1 0 0 0
v -17.2389 3.087802 53.01387 28 28 28 28 1 0 0 0
v -16.95204 2.660726 53.2299 28 28 28 28 1 0 0 0
v -16.96168 2.617006 52.85154 36 36 36 36 1 0 0 0
v -17.19711 2.613807 53.17147 28 28 28 28 1 0 0 0
v -16.80633 2.827211 52.77042 36 36 36 36 1 0 0 0
v -16.96168 2.617006 52.85154 36 36 36 36 1 0 0 0
v -16.95204 2.660726 53.2299 28 28 28 28 1 0 0 0
v -16.81622 2.840754 53.18559 28 28 28 28 1 0 0 0
v -16.88658 3.083363 52.7709 36 36 36 36 1 0 0 0
v -16.89472 3.084252 53.17576 28 28 28 28 1 0 0 0
v -17.29293 3.109409 52.91877 36 36 36 36 1 0 0 0
v -16.97903 2.64556 53.0657 36 36 36 36 1 0 0 0
v -16.89472 3.084252 53.17576 28 28 28 28 1 0 0 0
v -17.05719 2.598506 52.241 28 28 28 28 1 0 0 0
v -17.08066 2.744079 52.18295 28 28 28 28 1 0 0 0
v -16.8344 2.707549 52.26954 28 28 28 28 1 0 0 0
v -16.92091 2.570959 52.27591 28 28 28 28 1 0 0 0
v -17.10164 2.874567 52.56977 28 28 28 28 1 0 0 0
v -17.08727 2.95523 52.59372 28 28 28 28 1 0 0 0
v -17.05078 2.901811 52.37292 28 28 28 28 1 0 0 0
v -17.08752 2.859726 52.40919 28 28 28 28 1 0 0 0
v -17.19404 2.792325 52.64717 28 28 28 28 1 0 0 0
v -17.20522 2.806177 52.70559 28 28 28 28 1 0 0 0
v -17.1267 2.658287 52.6164 28 28 28 28 1 0 0 0
v -17.12935 2.590087 52.65815 28 28 28 28 1 0 0 0
v -17.10776 2.63409 52.41371 28 28 28 28 1 0 0 0
v -17.08536 2.563599 52.3913 28 28 28 28 1 0 0 0
v -17.08748 2.648636 52.28972 28 28 28 28 1 0 0 0
v -17.10089 2.746969 52.27268 28 28 28 28 1 0 0 0
v -17.07779 2.831519 52.28772 28 28 28 28 1 0 0 0
v -17.042 2.876963 52.24388 28 28 28 28 1 0 0 0
v -16.907 2.549365 52.44068 28 28 28 28 1 0 0 0
v -17.11141 2.7599 52.38153 28 28 28 28 1 0 0 0
v -16.81373 2.931041 52.4561 28 28 28 28 1 0 0 0
v -16.82813 2.963258 52.60056 28 28 28 28 1 0 0 0
v -16.77332 2.710717 52.42538 28 28 28 28 1 0 0 0
v -16.75999 2.726521 52.58738 28 28 28 28 1 0 0 0
v -16.90505 2.557662 52.60867 28 28 28 28 1 0 0 0
v -16.907 2.549365 52.44068 28 28 28 28 1 0 0 0
v -16.81373 2.931041 52.4561 28 28 28 28 1 0 0 0
v -16.82813 2.963258 52.60056 28 28 28 28 1 0 0 0
v -16.90505 2.557662 52.60867 28 28 28 28 1 0 0 0
v -16.86247 3.029913 52.88384 28 28 28 28 1 0 0 0
v -17.1792 3.01699 52.73141 28 28 28 28 1 0 0 0
v -16.79886 2.779524 52.895 28 28 28 28 1 0 0 0
v -16.92345 2.608999 52.93585 28 28 28 28 1 0 0 0
v -16.86247 3.029913 52.88384 28 28 28 28 1 0 0 0
v -17.26346 2.804814 52.78789 28 28 28 28 1 0 0 0
v -17.15026 2.590816 52.87853 28 28 28 28 1 0 0 0
v -16.92345 2.608999 52.93585 28 28 28 28 1 0 0 0
v -16.8184 2.875869 52.31932 28 28 28 28 1 0 0 0
v -16.92091 2.570959 52.27591 28 28 28 28 1 0 0 0
v -16.8344 2.707549 52.26954 28 28 28 28 1 0 0 0
v -16.8184 2.875869 52.31932 28 28 28 28 1 0 0 0
v -16.88658 3.083363 52.7709 36 36 36 36 1 0 0 0
v -16.80111 -0.9312205 53.45241 27 27 27 27 1 0 0 0
v -16.31768 -0.7347047 53.27631 27 20 27 27 0.8798047 0.1201801 0 0
v -16.64603 -0.3634298 53.04255 22 27 22 22 0.3799039 0.6200809 0 0
v -16.34088 -0.6864889 52.9325 22 27 22 22 0.3798886 0.6200961 0 0
v -16.49632 -0.3772936 52.87772 22 22 22 22 1 0 0 0
v -16.7883 -0.05768943 52.87357 22 22 22 22 1 0 0 0
v -16.73131 -0.2025211 53.0306 22 27 22 22 0.6997177 0.300267 0 0
v -16.45805 -0.4290557 53.18646 22 22 22 22 1 0 0 0
v -17.15021 -0.2599275 52.876 22 22 22 22 1 0 0 0
v -17.09194 -0.4698136 52.99131 22 27 22 22 0.5797665 0.4202182 0 0
v -16.43898 -0.9744744 52.82248 22 27 22 22 0.3798886 0.6200961 0 0
v -16.55609 -0.6973488 53.0952 22 22 22 22 1 0 0 0
v -16.45805 -0.4290557 53.18646 22 22 22 22 1 0 0 0
v -16.34088 -0.6864889 52.9325 22 27 22 22 0.3798886 0.6200961 0 0
v -16.7316 -0.9029632 53.13431 22 22 22 22 1 0 0 0
v -16.65172 -1.188446 52.87159 22 27 22 22 0.379797 0.6201877 0 0
v -17.03075 -0.919596 53.00333 22 27 22 22 0.3398947 0.66009 0 0
v -17.10497 -0.7862239 52.92208 22 27 22 22 0.5798123 0.4201724 0 0
v -16.7316 -0.9029632 53.13431 22 22 22 22 1 0 0 0
v -16.65172 -1.188446 52.87159 22 27 22 22 0.379797 0.6201877 0 0
v -16.99818 -0.6310971 53.06465 22 27 22 22 0.33991 0.6600748 0 0
v -16.79031 -1.268009 53.41722 27 27 27 27 1 0 0 0
v -16.18815 -1.311274 52.99667 27 27 27 27 1 0 0 0
v -16.10515 -0.9914448 53.11472 27 27 27 27 1 0 0 0
v -16.45019 -1.539548 53.0034 27 27 27 27 1 0 0 0
v -16.77271 -0.848937 52.81884 22 22 22 22 1 0 0 0
v -17.15825 -0.6048307 52.83146 22 22 22 22 1 0 0 0
v -16.45019 -1.539548 53.0034 27 27 27 27 1 0 0 0
v -16.56423 -0.6781948 52.79694 22 22 22 22 1 0 0 0
v -16.77271 -0.848937 52.81884 22 22 22 22 1 0 0 0
v -16.49632 -0.3772936 52.87772 22 22 22 22 1 0 0 0
v -16.10515 -0.9914448 53.11472 27 27 27 27 1 0 0 0
v -16.79239 -1.321794 52.97808 25 20 25 25 0.8198367 0.180148 0 0
v -17.2954 -0.76405 53.71784 25 25 25 25 1 0 0 0
v -17.5697 -0.5604168 53.31183 12 25 12 12 0.4198825 0.5801023 0 0
v -17.0976 -0.7995059 52.95333 12 25 12 12 0.419913 0.5800717 0 0
v -17.5955 -0.1453258 53.40776 12 25 12 12 0.4198825 0.5801023 0 0
v -17.23974 0.01221538 53.36835 12 25 12 12 0.4198672 0.5801175 0 0
v -16.84293 -0.227074 53.20197 12 25 12 12 0.8197147 0.1802701 0 0
v -16.89372 -0.5334249 53.14555 12 25 12 12 0.8196079 0.1803769 0 0
v -16.9951 -0.4729408 53.00883 12 12 12 12 1 0 0 0
v -16.93576 -0.1827148 53.05717 12 12 12 12 1 0 0 0
v -16.84293 -0.227074 53.20197 12 25 12 12 0.8197147 0.1802701 0 0
v -17.18589 -0.6712037 53.11452 12 12 12 12 1 0 0 0
v -17.0976 -0.7995059 52.95333 12 25 12 12 0.419913 0.5800717 0 0
v -17.32702 -0.3530477 53.7823 25 25 25 25 1 0 0 0
v -17.006 -0.1742949 53.73929 25 25 25 25 1 0 0 0
v -16.56026 -0.33267 53.29341 25 25 25 25 1 0 0 0
v -16.56026 -0.33267 53.29341 25 25 25 25 1 0 0 0
v -16.56454 -0.7333012 53.17643 25 25 25 25 1 0 0 0
v -16.79239 -1.321794 52.97808 25 20 25 25 0.8198367 0.180148 0 0
v -14.2685 -2.279768 52.07127 26 26 26 26 1 0 0 0
v -14.19788 -2.333209 52.73969 26 26 26 26 1 0 0 0
v -14.18838 -2.631735 52.35679 26 8 26 26 0.9813992 0.01858549 0 0
v -14.36543 -1.896955 52.53223 26 26 26 26 1 0 0 0
v -15.03803 -1.783307 52.68984 26 8 26 26 0.9799802 0.02000458 0 0
v -14.7887 -1.986339 53.03052 26 8 26 26 0.967361 0.03262379 0 0
v -14.32852 -2.070912 52.89515 26 26 26 26 1 0 0 0
v -15.39796 -1.918031 52.75814 26 8 26 26 0.9790494 0.02093538 0 0
v -15.16609 -2.172004 53.11253 26 8 26 26 0.9480278 0.05195697 0 0
v -15.80379 -2.332258 52.66025 26 26 26 26 1 0 0 0
v -15.42585 -2.546197 53.14061 26 8 26 26 0.9358358 0.06414893 0 0
v -15.97611 -2.890118 52.51746 26 26 26 26 1 0 0 0
v -15.58069 -3.065905 53.04857 26 8 26 26 0.934905 0.06507973 0 0
v -15.62198 -3.565542 52.76125 26 8 26 26 0.9412528 0.05873198 0 0
v -15.89831 -3.488626 52.32024 26 8 26 26 0.9784695 0.02151522 0 0
v -15.36391 -3.977546 52.7948 26 8 26 26 0.9397269 0.06025788 0 0
v -15.28455 -3.997882 52.3997 26 8 26 26 0.9726406 0.02734417 0 0
v -15.01124 -4.133412 52.74113 26 8 26 26 0.950927 0.04905776 0 0
v -15.61325 -3.809413 52.39557 26 8 26 26 0.9830015 0.01698329 0 0
v -14.86277 -3.90169 52.22321 26 26 26 26 1 0 0 0
v -15.77642 -3.700736 52.19528 26 26 26 26 1 0 0 0
v -14.79764 -1.628045 52.44028 26 26 26 26 1 0 0 0
v -13.86864 -2.844445 52.81772 26 8 26 26 0.8359808 0.164004 0 0
v -13.90407 -2.53802 53.10291 26 8 26 26 0.8311132 0.1688716 0 0
v -13.93361 -3.185013 52.7169 26 8 26 26 0.8772259 0.1227588 0 0
v -14.34408 -3.001027 52.14808 26 26 26 26 1 0 0 0
v -14.00691 -3.481284 52.6164 26 8 26 26 0.8580759 0.1419089 0 0
v -14.46447 -3.278998 52.10809 26 26 26 26 1 0 0 0
v -14.81174 -2.316396 53.52415 26 8 26 26 0.7729763 0.2270085 0 0
v -15.07419 -2.704339 53.56123 26 8 26 26 0.7637904 0.2361944 0 0
v -14.45177 -2.145503 53.40247 26 8 26 26 0.7752956 0.2246891 0 0
v -15.07477 -3.875819 53.10215 26 8 26 26 0.7393911 0.2605936 0 0
v -14.79259 -4.171227 53.04935 26 8 26 26 0.7882048 0.21178 0 0
v -14.40741 -4.028216 52.62946 26 8 26 26 0.8196079 0.1803769 0 0
v -14.61425 -3.591219 52.13737 26 26 26 26 1 0 0 0
v -14.46447 -3.278998 52.10809 26 26 26 26 1 0 0 0
v -14.00691 -3.481284 52.6164 26 8 26 26 0.8580759 0.1419089 0 0
v -14.14518 -3.793567 52.66506 26 8 26 26 0.8771496 0.1228351 0 0
v -15.23671 -3.224141 53.45217 26 8 26 26 0.7641718 0.2358129 0 0
v -14.05926 -2.298398 53.29163 26 8 26 26 0.8349737 0.1650111 0 0
v -14.51363 -2.627101 51.89066 20 26 20 20 0.05139239 0.9485924 0 0
v -16.06283 -3.543105 53.10099 20 26 20 20 0.3081865 0.6917983 0 0
v -15.86904 -3.843409 52.67057 20 26 20 20 0.2198367 0.7801633 0 0
v -15.3567 -1.614158 52.56673 20 26 20 20 0.03491264 0.9650721 0 0
v -15.58944 -1.801463 52.62215 20 26 20 20 0.04495308 0.9550316 0 0
v -15.61281 -3.881653 52.16118 20 26 20 20 0.04344244 0.9565423 0 0
v -15.12487 -3.887033 52.44379 20 26 35 20 0.1803616 0.7909361 0.02868696 0
v -15.75859 -1.279918 54.16723 20 20 20 20 1 0 0 0
v -15.52222 -1.278516 54.16029 20 26 20 20 0.9096513 0.09033341 0 0
v -15.38571 -4.656903 54.76134 32 20 32 32 0.659556 0.3404288 0 0
v -14.18925 -7.873178 54.72898 32 32 32 32 1 0 0 0
v -14.66362 -4.278777 53.46812 32 20 26 32 0.2799725 0.5848478 0.1351644 0
v -14.60789 -7.817381 54.35155 32 32 32 32 1 0 0 0
v -15.37161 -1.485348 53.48692 20 26 20 20 0.4980545 0.5019302 0 0
v -15.20048 -1.447329 53.17583 20 26 20 20 0.357763 0.6422217 0 0
v -15.06932 -2.219062 53.90695 32 20 26 32 0.159884 0.4746929 0.3654078 0
v -15.3611 -1.394797 53.81088 20 26 20 20 0.6749828 0.3250019 0 0
v -14.18663 -6.087814 53.85301 32 20 26 32 0.6397955 0.04600595 0.3141833 0
v -13.93592 -7.55827 55.02142 32 32 32 32 1 0 0 0
v -13.95089 -7.754684 55.54762 32 32 32 32 1 0 0 0
v -14.20792 -3.920512 52.62674 32 26 32 32 0.2608377 0.739147 0 0
v -14.30409 -4.985291 54.47179 32 26 32 32 0.5599756 0.4400091 0 0
v -14.76602 -2.582193 53.06824 32 20 26 32 0.1998016 0.02909895 0.7710689 0
v -14.64336 -3.956031 54.00527 32 20 26 32 0.4798047 0.06468299 0.4554818 0
v -14.19083 -6.036579 55.0439 32 26 32 32 0.7871367 0.2128481 0 0
v -14.54217 -4.309654 52.8394 32 20 26 32 0.2798352 0.2454871 0.4746471 0
v -14.09351 -7.028616 55.51801 32 32 32 32 1 0 0 0
v -14.68017 -5.698862 55.3933 32 20 32 32 0.8200046 0.1799802 0 0
v -15.01714 -3.998032 53.30373 32 20 26 32 0.2200198 0.6483406 0.1316243 0
v -15.03672 -3.496618 53.38768 32 20 26 32 0.2200503 0.7515221 0.02839704 0
v -14.88303 -7.07261 54.28255 32 32 32 32 1 0 0 0
v -14.40173 -7.440061 54.32195 32 32 32 32 1 0 0 0
v -15.31989 -3.745399 55.02485 32 20 32 32 0.4396735 0.5603113 0 0
v -14.97343 -5.723068 55.30919 32 20 32 32 0.8197452 0.1802396 0 0
v -14.47005 -2.911553 51.89495 32 20 26 32 0.03996338 0.119173 0.8408484 0
v -14.7289 -2.90941 51.86303 20 26 20 20 0.2045319 0.7954528 0 0
v -15.52796 -2.489666 52.8204 20 26 20 20 0.9154497 0.08453498 0 0
v -15.49942 -2.084972 53.02088 20 20 20 20 1 0 0 0
v -15.24826 -4.049901 53.53329 32 20 32 32 0.3400168 0.659968 0 0
v -14.7278 -2.847627 51.90832 20 26 20 20 0.09721523 0.9027695 0 0
v -15.24826 -4.049901 53.53329 32 20 32 32 0.3400168 0.659968 0 0
v -13.97369 -7.425958 55.69991 32 32 32 32 1 0 0 0
v -14.11006 -3.893083 53.30581 32 26 32 32 0.3198138 0.6801709 0 0
v -15.72344 -1.153898 53.9011 20 20 20 20 1 0 0 0
v -15.26292 -4.677444 53.48461 32 20 26 37 0.3327687 0.5359426 0.1105516 0.02070649
v -15.41086 -3.480505 53.70924 20 26 37 20 0.7000076 0.01658656 0.2833906 0
v -15.56634 -2.953528 53.15649 20 26 37 20 0.9151751 0.02975509 0.05503929 0
v -15.29072 -3.979264 54.29907 32 20 32 32 0.5400473 0.4599374 0 0
v -15.59956 -1.109835 53.5592 20 20 20 20 1 0 0 0
v -14.88896 -3.881786 52.77899 32 20 26 37 0.1576257 0.3891966 0.4388953 0.01425193
v -15.15051 -3.151992 52.56926 20 26 37 20 0.4589151 0.4858778 0.05519188 0
v -15.26292 -4.677444 53.48461 32 20 26 37 0.3327687 0.5359426 0.1105516 0.02070649
v -15.15051 -3.151992 52.56926 20 26 37 20 0.4589151 0.4858778 0.05519188 0
v -14.81673 -6.480816 54.98342 32 32 32 32 1 0 0 0
v -14.95677 -3.252254 52.6244 20 26 37 20 0.4230106 0.558526 0.01844816 0
v -15.11403 -4.273943 53.94637 32 20 32 32 0.5399863 0.4599985 0 0
v -15.42153 -1.448567 53.25736 20 20 20 20 1 0 0 0
v -14.8405 -6.60306 54.47317 32 32 32 32 1 0 0 0
v -14.69981 -6.913317 54.29364 32 32 32 32 1 0 0 0
v -15.11403 -4.273943 53.94637 32 20 32 32 0.5399863 0.4599985 0 0
v -14.8405 -6.60306 54.47317 32 32 32 32 1 0 0 0
v -15.42153 -1.448567 53.25736 20 20 20 20 1 0 0 0
v -15.11403 -4.273943 53.94637 32 20 32 32 0.5399863 0.4599985 0 0
v -13.89717 -7.295965 55.259 32 32 32 32 1 0 0 0
v -14.39712 -7.216925 54.28442 32 32 32 32 1 0 0 0
v -16.76302 3.095165 53.30169 36 10 37 36 0.2539406 0.722118 0.02392615 0
v -16.83433 3.221709 53.21494 36 10 36 36 0.9191729 0.08081178 0 0
v -17.2796 3.170979 53.14361 36 10 36 36 0.7400168 0.259968 0 0
v -17.13027 3.357891 53.80167 36 10 36 36 0.9190509 0.08093385 0 0
v -16.69794 2.713329 53.36404 10 38 37 10 0.8880445 0.05665675 0.05528343 0
v -17.09164 3.365252 53.8131 10 10 10 10 1 0 0 0
v -16.68079 2.765609 53.4007 36 10 37 36 0.4080568 0.5650569 0.02687114 0
v -16.7637 2.929844 53.20397 36 10 36 36 0.9197223 0.08026245 0 0
v -16.83433 3.221709 53.21494 36 10 36 36 0.9191729 0.08081178 0 0
v -16.76302 3.095165 53.30169 36 10 37 36 0.2539406 0.722118 0.02392615 0
v -16.79718 2.744166 53.49845 10 10 10 10 1 0 0 0
v -16.93913 2.694882 53.34926 36 36 36 36 1 0 0 0
v -16.69794 2.713329 53.36404 10 38 37 10 0.8880445 0.05665675 0.05528343 0
v -16.64027 2.616716 53.45975 10 37 10 10 0.9478905 0.0520943 0 0
v -17.40077 2.950514 53.1154 36 10 36 36 0.4801404 0.5198444 0 0
v -17.25959 2.693555 53.30928 36 10 36 36 0.4801251 0.5198596 0 0
v -16.8922 3.123382 52.96492 36 36 36 36 1 0 0 0
v -16.93913 2.694882 53.34926 36 36 36 36 1 0 0 0
v -16.81543 2.875076 52.94976 36 36 36 36 1 0 0 0
v -16.8922 3.123382 52.96492 36 36 36 36 1 0 0 0
v -16.97903 2.64556 53.0657 36 36 36 36 1 0 0 0
v -17.29447 3.133548 53.91733 36 10 36 36 0.9185016 0.08148318 0 0
v -17.2369 3.143877 53.91345 10 10 10 10 1 0 0 0
v -17.03894 2.821669 53.90639 10 10 10 10 1 0 0 0
v -17.09546 2.80547 53.90392 36 10 36 36 0.7191272 0.2808576 0 0
v -16.75672 2.788185 53.62689 10 10 10 10 1 0 0 0
v -16.79718 2.744166 53.49845 10 10 10 10 1 0 0 0
v -16.32426 -1.722861 52.73648 27 20 27 27 0.6598459 0.3401389 0 0
v -16.12024 -1.375507 53.12939 27 27 27 27 1 0 0 0
v -15.8726 -1.5545 53.06222 27 20 27 27 0.7598993 0.2400855 0 0
v -16.73213 -1.379146 53.55468 27 20 27 27 0.9497978 0.05018692 0 0
v -16.32426 -1.722861 52.73648 27 20 27 27 0.6598459 0.3401389 0 0
v -16.59094 -1.518217 53.63272 20 20 20 20 1 0 0 0
v -16.66047 -1.416745 53.32821 20 27 20 20 0.8999923 0.09999237 0 0
v -16.959 -1.935112 53.19299 20 20 20 20 1 0 0 0
v -16.01043 -1.09568 53.33319 27 27 27 27 1 0 0 0
v -15.81144 -1.215576 53.34459 27 20 27 27 0.7996643 0.2003204 0 0
v -16.73903 -0.9941123 53.60121 27 20 27 27 0.9497826 0.05020218 0 0
v -16.23448 -0.7979314 53.30326 27 20 27 27 0.6998093 0.3001755 0 0
v -16.01043 -1.09568 53.33319 27 27 27 27 1 0 0 0
v -15.81144 -1.215576 53.34459 27 20 27 27 0.7996643 0.2003204 0 0
v -16.10424 -0.8893712 53.34553 27 20 27 27 0.4597085 0.5402762 0 0
v -16.72494 -1.516756 53.46288 27 20 27 27 0.5094835 0.4905013 0 0
v -16.66084 -1.080564 53.56408 27 20 27 27 0.6595407 0.340444 0 0
v -16.5323 -1.346321 53.62445 20 20 20 20 1 0 0 0
v -16.60377 -1.220174 53.3534 20 27 20 20 0.8999923 0.09999237 0 0
v -16.36207 -1.26716 53.60203 20 20 20 20 1 0 0 0
v -16.43425 -1.128739 53.24903 20 20 20 20 1 0 0 0
v -15.76396 -1.9449 52.85947 27 25 20 27 0.09596399 0.1999237 0.704097 0
v -15.61312 -1.419506 53.24477 27 20 27 27 0.2597848 0.7401999 0 0
v -15.87841 -1.022733 53.31759 20 20 20 20 1 0 0 0
v -15.61312 -1.419506 53.24477 27 20 27 27 0.2597848 0.7401999 0 0
v -15.72935 -1.726398 52.97617 27 20 27 27 0.499855 0.5001297 0 0
v -16.56318 -1.800674 52.88567 27 20 27 27 0.2799115 0.7200732 0 0
v -15.93417 -1.53783 52.90804 27 25 20 27 0.2448005 0.3198901 0.4352941 0
v -16.88063 -1.408605 53.24794 20 25 20 20 0.7499962 0.2499886 0 0
v -16.4491 -0.6433797 53.23724 25 20 25 25 0.8397498 0.160235 0 0
v -16.4491 -0.6433797 53.23724 25 20 25 25 0.8397498 0.160235 0 0
v -16.93938 -0.585777 53.6152 25 20 25 25 0.7696803 0.2303044 0 0
v -16.10878 -1.95389 52.77887 25 20 37 25 0.4129244 0.5704128 0.01663233 0
v -15.9312 -2.414967 52.97913 25 20 37 25 0.2274205 0.7204089 0.05214008 0
v -15.60161 -1.635029 53.62309 20 26 20 20 0.5286793 0.4713054 0 0
v -15.88418 -1.835371 53.91844 20 26 20 20 0.6363317 0.363653 0 0
v -16.12305 -1.719871 54.14249 20 26 20 20 0.8529946 0.1469902 0 0
v -16.52539 -2.379357 54.30082 20 26 20 20 0.8979172 0.1020676 0 0
v -16.27918 -2.399708 53.93695 20 26 20 20 0.6326848 0.3672999 0 0
v -16.73467 -2.15161 54.0431 20 20 20 20 1 0 0 0
v -16.46062 -1.642266 54.00997 20 20 20 20 1 0 0 0
v -16.01486 -1.332322 54.00593 20 20 20 20 1 0 0 0
v -15.84737 -1.54061 54.22993 20 26 20 20 0.8822309 0.1177539 0 0
v -16.27699 -1.429041 53.94131 20 20 20 20 1 0 0 0
v -15.99394 -2.323854 53.07565 20 26 20 20 0.2221256 0.7778592 0 0
v -14.88976 -3.189657 52.52435 20 26 20 20 0.3186694 0.6813153 0 0
v -16.1441 -2.958519 53.09547 20 26 20 20 0.2664683 0.7335165 0 0
v -16.4206 -1.507742 53.97021 20 20 20 20 1 0 0 0
v -16.79762 -2.443416 54.01243 20 20 20 20 1 0 0 0
v -16.81919 -2.25818 54.06633 20 20 20 20 1 0 0 0
v -15.66552 -4.209176 53.18087 20 26 20 20 0.4429236 0.5570611 0 0
v -16.12996 -4.103713 54.19046 20 26 35 20 0.5544671 0.2576944 0.187808 0
v -15.90931 -4.208336 52.82495 20 26 35 20 0.2657816 0.6098268 0.1243763 0
v -15.48047 -4.785975 54.49775 20 26 35 20 0.6013733 0.06994735 0.3286641 0
v -15.25659 -4.337457 53.27334 20 26 35 20 0.4638743 0.4543374 0.08175784 0
v -16.02086 -3.342272 53.10763 20 37 20 20 0.5466392 0.4533455 0 0
v -16.12802 -4.594686 54.62162 20 26 35 20 0.5509117 0.04028382 0.4087739 0
v -16.32869 -4.178443 54.3888 20 26 35 20 0.7801938 0.05853361 0.1612573 0
v -16.5134 -4.272045 54.65069 20 35 20 20 0.4421149 0.5578699 0 0
v -16.34389 -4.555762 54.47655 20 35 20 20 0.449897 0.5500877 0 0
v -15.66842 -4.918031 54.81139 20 35 20 20 0.3151903 0.6847944 0 0
v -14.94841 -3.574194 52.59771 20 26 35 20 0.2811627 0.6977035 0.02110323 0
v -15.09574 -4.03758 53.12727 20 26 35 20 0.3865873 0.5249103 0.08847181 0
v -14.88976 -3.189657 52.52435 20 26 20 20 0.3186694 0.6813153 0 0
v -15.25432 -4.125732 54.16853 20 26 35 37 0.5668574 0.05427634 0.2000916 0.1787442
v -15.36893 -4.513525 54.37096 20 26 35 37 0.468925 0.03535515 0.4352331 0.06045625
v -15.66975 -4.196973 54.12244 20 35 37 20 0.2863356 0.3410239 0.3726253 0
v -16.61211 -3.920245 54.78136 20 26 35 37 0.4159152 0.01072709 0.4413672 0.13196
v -16.73373 -4.110775 54.49493 20 35 37 20 0.3557793 0.5819486 0.06225681 0
v -16.26481 -3.892168 54.84354 20 26 35 37 0.4444953 0.1623407 0.3168841 0.07626459
v -15.17964 -3.577212 53.3973 20 26 35 37 0.5884947 0.2444037 0.0112459 0.1558251
v -16.8107 -3.883579 54.45884 20 35 37 20 0.3008469 0.3788663 0.3202564 0
v -16.80005 -3.483511 55.01781 20 35 37 20 0.08943313 0.3239185 0.5866178 0
v -16.377 -3.245245 54.75162 20 26 35 37 0.4902724 0.1896544 0.1497063 0.1703365
v -14.93233 -3.704479 53.24475 20 26 35 37 0.5445334 0.4087434 0.03266957 0.01402304
v -14.95677 -3.252254 52.6244 20 26 37 20 0.4230106 0.558526 0.01844816 0
v -16.83922 -3.175239 54.88102 20 35 37 20 0.2657359 0.2517586 0.4824903 0
v -16.60407 -3.270367 55.12116 20 26 35 37 0.389044 0.0293431 0.2773022 0.3042954
v -16.4698 -3.957904 55.15403 20 26 35 37 0.3397879 0.02803082 0.5542077 0.07794309
v -15.95112 -4.766741 54.26781 20 35 20 20 0.3255818 0.674403 0 0
v -16.80405 -3.989232 54.36732 20 35 37 20 0.4220645 0.3763638 0.2015564 0
v -16.83184 -3.354604 55.02286 20 35 37 20 0.1039445 0.2630503 0.63299 0
v -16.0796 -3.477208 53.34805 10 20 35 37 0.05072099 0.3719997 0.03184558 0.5454032
v -16.58228 -4.324872 54.29357 20 35 20 20 0.4934157 0.506569 0 0
v -16.61661 -4.476531 53.89447 20 35 20 20 0.5199664 0.4800183 0 0
v -17.05199 -3.353237 54.60562 20 35 37 20 0.05020218 0.1284505 0.8213321 0
v -17.02432 -3.096738 54.50566 20 35 37 20 0.237171 0.2491646 0.5136339 0
v -17.10715 -3.053517 53.96935 20 35 37 20 0.3025101 0.1706874 0.526772 0
v -16.98002 -2.417188 53.60025 20 20 20 20 1 0 0 0
v -17.1029 -2.37355 53.15302 20 20 20 20 1 0 0 0
v -16.93767 -3.508672 54.58074 20 35 37 20 0.04792859 0.1774014 0.7746395 0
v -17.21994 -1.119789 53.66928 25 20 25 25 0.8196689 0.1803159 0 0
v -17.13576 -1.964206 53.32713 20 35 25 20 0.6407721 0.009216449 0.3499962 0
v -17.20078 -1.164078 53.6368 25 20 25 25 0.5496147 0.45037 0 0
v -17.07361 -2.812378 53.07005 20 35 37 20 0.7973144 0.1039292 0.09872587 0
v -17.41642 0.05781671 53.73208 38 20 38 37 0.8264897 0.04255741 0 0.1309377
v -17.09393 -2.025115 53.00884 38 20 35 37 0.2273442 0.5851835 0.04419013 0.1432517
v -17.18357 0.725255 53.6037 38 37 38 38 0.9378653 0.06211948 0 0
v -16.75106 -0.03540856 52.87433 38 20 38 38 0.7797818 0.2202029 0 0
v -17.04595 0.8915064 54.11348 20 35 20 10 0.09646754 0.2535287 0 0.6499885
v -16.88682 -2.149013 53.32842 10 20 35 37 0.2308843 0.3464866 0.2509957 0.1715877
v -16.93773 -2.560463 52.64975 38 20 35 37 0.05795376 0.9088579 0.01051347 0.02264439
v -17.22349 -2.507857 54.19785 37 38 37 37 0.8 0.2 0 0
v -16.96687 -3.042994 53.44695 20 20 37 10 0.8549935 0 0.04499885 0.09999237
v -16.98088 -3.153729 53.48354 20 20 37 10 0.8549935 0 0.04499885 0.09999237
v -17.089 -2.711214 54.22514 20 35 37 38 0.0303502 0.09843595 0.6711986 0.1999847
v -17.08383 2.218797 54.26417 10 20 35 10 0.8594797 0.04042115 0.1000687 0
v -16.85347 -3.330539 53.50298 20 20 37 10 0.8549935 0 0.04499885 0.09999237
v -16.91194 2.468624 54.32425 10 20 35 10 0.9274281 0.0301976 0.04234378 0
v -16.82607 1.649798 54.15495 10 20 35 10 0.8356909 0.06529336 0.09900054 0
v -17.33555 -0.4542429 53.97128 20 20 37 38 0.009491112 0 0.290486 0.6999924
v -16.67345 -0.91935 52.93658 25 38 20 25 0.4606088 0.2798962 0.2594797 0
v -16.51764 0.3620223 53.78421 10 20 35 10 0.6747692 0.08461127 0.240589 0
v -16.33548 -0.8911942 52.78291 0 10 20 0 0 0.3885252 0.6114596 0
v -16.39111 0.5044909 53.72795 10 20 35 10 0.6817731 0.04911879 0.2690776 0
v -16.75672 2.788185 53.62689 10 10 10 10 1 0 0 0
v -16.51764 0.3620223 53.78421 10 20 35 10 0.6747692 0.08461127 0.240589 0
v -16.25455 -3.094627 53.94169 10 20 35 10 0.2088502 0.2265965 0.5645381 0
v -17.11873 -0.8467011 53.91782 20 20 37 38 0.04551766 0 0.2544594 0.6999924
v -16.84121 1.254851 53.12935 10 38 20 37 0.5828183 0.2097658 0.1788968 0.02848859
v -17.19986 -0.1012316 53.70097 38 20 38 37 0.8813459 0.04902724 0 0.06961166
v -16.8647 0.02698824 53.20202 38 37 38 38 0.9465476 0.0534371 0 0
v -17.27045 -0.508132 53.89413 25 20 25 25 0.9296712 0.07031357 0 0
v -16.44279 -1.045886 53.11706 25 20 25 25 0.8399176 0.1600671 0 0
v -17.16925 -2.095865 53.17345 20 20 20 20 1 0 0 0
v -16.26208 -1.562844 52.95107 25 38 20 37 0.1539635 0.337026 0.3961242 0.1128557
v -16.75106 -0.03540856 52.87433 38 20 38 38 0.7797818 0.2202029 0 0
v -16.67345 -0.91935 52.93658 25 38 20 25 0.4606088 0.2798962 0.2594797 0
v -16.84121 1.254851 53.12935 10 38 20 37 0.5828183 0.2097658 0.1788968 0.02848859
v -16.8647 0.02698824 53.20202 38 37 38 38 0.9465476 0.0534371 0 0
v -16.81211 0.2837378 53.05712 38 20 37 38 0.9450065 0.03935302 0.01562524 0
v -16.02295 -1.153161 53.71713 20 20 20 20 1 0 0 0
v -17.03181 -2.16081 53.66071 20 20 20 20 1 0 0 0
v -16.88052 -2.031267 53.63315 20 20 20 20 1 0 0 0
v -17.28008 0.2566919 53.5833 38 37 38 38 0.967483 0.03250172 0 0
v -17.48879 0.1932431 53.58612 38 37 38 38 0.862089 0.1378958 0 0
v -16.85219 0.7909942 52.8918 38 38 38 38 1 0 0 0
v -16.87037 0.4992843 52.85476 38 38 38 38 1 0 0 0
v -16.85219 0.7909942 52.8918 38 38 38 38 1 0 0 0
v -16.99903 0.2782395 53.0096 38 38 38 38 1 0 0 0
v -16.99903 0.2782395 53.0096 38 38 38 38 1 0 0 0
v -17.39413 1.145719 53.88316 39 38 39 39 0.7797513 0.2202335 0 0
v -17.62194 0.5599303 53.92814 39 38 39 39 0.7797971 0.2201877 0 0
v -17.66023 0.9374582 53.93707 39 38 39 39 0.7797666 0.2202182 0 0
v -17.03635 1.004573 53.52042 39 38 39 39 0.7797666 0.2202182 0 0
v -17.16051 1.037517 53.53315 39 39 39 39 1 0 0 0
v -17.44619 1.211444 53.86826 39 39 39 39 1 0 0 0
v -17.74878 0.9971434 53.92783 39 39 39 39 1 0 0 0
v -17.68813 0.6193814 53.92055 39 39 39 39 1 0 0 0
v -17.32779 0.5497323 53.60638 39 39 39 39 1 0 0 0
v -17.2235 0.4752232 53.60325 39 38 39 39 0.7797513 0.2202335 0 0
v -17.0738 0.717055 53.46284 39 38 39 39 0.7797208 0.220264 0 0
v -17.20309 0.7916502 53.48372 39 39 39 39 1 0 0 0
v -17.16051 1.037517 53.53315 39 39 39 39 1 0 0 0
v -17.03635 1.004573 53.52042 39 38 39 39 0.7797666 0.2202182 0 0
v -17.32779 0.5497323 53.60638 39 39 39 39 1 0 0 0
v -17.2235 0.4752232 53.60325 39 38 39 39 0.7797513 0.2202335 0 0
v -17.19956 1.027936 53.17841 39 39 39 39 1 0 0 0
v -17.4754 1.192724 53.28688 39 39 39 39 1 0 0 0
v -17.79936 0.9731545 53.37477 39 39 39 39 1 0 0 0
v -17.7284 0.5995235 53.37056 39 39 39 39 1 0 0 0
v -17.37271 0.5172114 53.24648 39 39 39 39 1 0 0 0
v -17.37271 0.5172114 53.24648 39 39 39 39 1 0 0 0
v -17.1956 0.7599023 53.12457 39 39 39 39 1 0 0 0
v -17.19956 1.027936 53.17841 39 39 39 39 1 0 0 0
v -17.79467 0.9131753 52.91502 31 39 31 31 0.7395895 0.2603952 0 0
v -17.73017 0.6014782 52.91224 31 39 31 31 0.73962 0.2603647 0 0
v -17.50378 1.148992 52.80035 31 39 31 31 0.7396811 0.2603036 0 0
v -17.43331 0.5104963 52.98172 31 39 31 31 0.7393454 0.2606393 0 0
v -17.43331 0.5104963 52.98172 31 39 31 31 0.7393454 0.2606393 0 0
v -17.25987 0.7402813 52.86601 31 39 31 31 0.7395437 0.260441 0 0
v -17.23214 1.007169 52.91736 31 39 31 31 0.7395285 0.2604562 0 0
v -17.25334 0.9958552 52.65277 31 31 31 31 1 0 0 0
v -17.51841 1.131889 52.53541 31 31 31 31 1 0 0 0
v -17.23214 1.007169 52.91736 31 39 31 31 0.7395285 0.2604562 0 0
v -17.78452 0.891264 52.65055 31 31 31 31 1 0 0 0
v -17.73228 0.599129 52.64679 31 31 31 31 1 0 0 0
v -17.4568 0.5199591 52.71891 31 31 31 31 1 0 0 0
v -17.4568 0.5199591 52.71891 31 31 31 31 1 0 0 0
v -17.22789 0.7065401 52.59905 31 31 31 31 1 0 0 0
v -17.25334 0.9958552 52.65277 31 31 31 31 1 0 0 0
v -17.60075 0.979529 52.17735 31 31 31 31 1 0 0 0
v -17.54699 1.071301 52.19983 31 31 31 31 1 0 0 0
v -17.53129 1.026231 51.97797 31 31 31 31 1 0 0 0
v -17.57728 0.9720219 51.98756 31 31 31 31 1 0 0 0
v -17.66332 0.849692 52.24707 31 31 31 31 1 0 0 0
v -17.70448 0.860922 52.33155 31 31 31 31 1 0 0 0
v -17.67603 0.704188 52.19104 31 31 31 31 1 0 0 0
v -17.6939 0.635945 52.23857 31 31 31 31 1 0 0 0
v -17.638 0.6847909 52.00099 31 31 31 31 1 0 0 0
v -17.62725 0.6155759 52.02277 31 31 31 31 1 0 0 0
v -17.61958 0.7180569 51.86711 31 31 31 31 1 0 0 0
v -17.60556 0.6692119 51.82266 31 31 31 31 1 0 0 0
v -17.59148 0.8235769 51.79683 31 31 31 31 1 0 0 0
v -17.57003 0.8086049 51.70474 31 31 31 31 1 0 0 0
v -17.56455 0.9005769 51.84735 31 31 31 31 1 0 0 0
v -17.52184 0.9362649 51.80525 31 31 31 31 1 0 0 0
v -17.62691 0.8338179 51.95251 31 31 31 31 1 0 0 0
v -17.43703 0.5094659 52.04455 31 31 31 31 1 0 0 0
v -17.44046 0.505552 52.26978 31 31 31 31 1 0 0 0
v -17.43703 0.5094659 52.04455 31 31 31 31 1 0 0 0
v -17.19932 0.682621 51.91907 31 31 31 31 1 0 0 0
v -17.17293 0.6791841 52.15177 31 31 31 31 1 0 0 0
v -17.44046 0.505552 52.26978 31 31 31 31 1 0 0 0
v -17.28629 0.984225 52.0118 31 31 31 31 1 0 0 0
v -17.26773 0.9926351 52.2254 31 31 31 31 1 0 0 0
v -17.28629 0.984225 52.0118 31 31 31 31 1 0 0 0
v -17.26773 0.9926351 52.2254 31 31 31 31 1 0 0 0
v -17.4341 0.5390879 51.82448 31 31 31 31 1 0 0 0
v -17.4341 0.5390879 51.82448 31 31 31 31 1 0 0 0
v -17.32586 0.720045 51.71149 31 31 31 31 1 0 0 0
v -17.32586 0.720045 51.71149 31 31 31 31 1 0 0 0
v -17.32077 0.957277 51.8049 31 31 31 31 1 0 0 0
v -17.32077 0.957277 51.8049 31 31 31 31 1 0 0 0
