# R2 PaletteFrame v1
mesh hands_naked.mesh
owner hands_naked.mesh
owner_ptr 0x5637e85e9d40
frame 3
dump_index 0
nb 40
arm arm-s
rebound 1
tier1 28.91831 40 40 29 1
# bone idx name parent  off(mx.x..mz.z,v)  world(mx.x..mz.z,v)  palette[16]
bone 0 bone_R-middlefinger02.mesh 4 0.006723287 -0.9998857 -0.0136247 0.04207809 -0.01332948 0.9990261 -0.9990919 -0.007289723 0.04198442 39.51284 25.07774 -2.166579 0.2408977 0.1088874 -0.9643688 -0.9598978 -0.1199351 -0.2533478 -0.1432517 0.9867458 0.07562968 17.19921 1.60617 37.20353 0.9633595 0.1072094 0.2458047 0 -0.1201807 0.9919653 0.03835423 0 -0.2396959 -0.06648627 0.9685152 0 2.956066 0.7630557 -7.418663 1
bone 1 bone_R-hand.mesh -1 0.6168389 -0.786087 -0.03971379 0.07702011 0.01006915 0.9969797 -0.7833122 -0.6180339 0.06675555 21.25934 44.45817 -2.30817 0.4495924 0.2422487 -0.8597039 -0.8742393 -0.07802741 -0.4791839 -0.1831617 0.9670244 0.176703 14.88557 0.09258723 41.15838 0.9718283 0.1723605 -0.1606361 0 -0.1567837 0.981976 0.1051298 0 0.1759113 -0.0769785 0.9813643 0 -14.00071 -0.458379 1.170143 1
bone 2 bone_R-foreTwist2.mesh 3 0.7272136 0.1049538 -0.6783399 0.1683611 -0.9853271 0.02803994 -0.6654433 -0.134597 -0.7342128 18.67271 3.891406 47.25637 0.4872873 0.1843046 -0.8535709 0.1675677 -0.979044 -0.1157357 -0.8570139 -0.08663444 -0.5079588 12.68788 -1.247925 45.0835 0.9532955 0.090042 -0.2883066 0 -0.1070994 0.993279 -0.04391372 0 0.2824143 0.07274022 0.9565305 0 -18.06044 -5.710346 4.690353 1
bone 3 bone_R-foreTwist1.mesh -1 0.7272134 0.1009443 -0.6789483 0.1683611 -0.9851439 0.03386085 -0.6654432 -0.1389325 -0.7334046 23.72531 4.170536 47.23255 0.4872871 0.1843046 -0.8535711 0.1625015 -0.9795389 -0.1187348 -0.857989 -0.08084862 -0.507266 10.38729 -2.118067 49.11339 0.9532955 0.090042 -0.2883065 0 -0.1070994 0.9932789 -0.04391371 0 0.2824144 0.07274023 0.9565305 0 -17.89896 -5.649271 4.407494 1
bone 4 bone_R-middlefinger01.mesh 1 0.4186414 -0.9080509 -0.01362423 0.04382879 0.005217955 0.9990265 -0.9070943 -0.4188299 0.04198397 27.83969 39.14561 -2.166574 0.3116439 0.1175093 -0.9428582 -0.9393258 -0.1115033 -0.3243922 -0.1432517 0.9867458 0.07562968 16.70465 1.419687 38.69981 0.9853743 0.1370012 -0.1011852 0 -0.1343546 0.9903536 0.03253906 0 0.1047131 -0.01846356 0.9943017 0 -11.0794 -1.811614 -0.4114609 1
bone 5 bone_R-ringfinger02.mesh 24 -0.03575313 -0.9993484 0.004989579 -0.00989042 0.005346108 0.9999373 -0.9993118 0.03570219 -0.01007497 40.60465 23.13972 0.6058755 0.1388575 -0.02876022 -0.9897792 -0.9882457 -0.06718056 -0.136723 -0.06257095 0.9972801 -0.03775629 17.33625 0.4976539 37.23387 0.982325 0.07314107 0.1718333 0 -0.06922365 0.9971429 -0.02869553 0 -0.1734141 0.01629437 0.9845971 0 0.06887436 -1.620456 -6.14238 1
bone 6 bone_R-thumb02.mesh 16 0.2872835 0.6239098 -0.726777 0.543932 -0.7308154 -0.4123687 -0.78842 -0.276851 -0.5493155 25.69358 -0.00120163 39.70213 -0.1338861 0.5814988 -0.8023183 0.6812556 -0.5338918 -0.5006183 -0.719632 -0.6137065 -0.3247552 14.25345 2.290272 39.02388 0.9095908 0.2799825 -0.3068088 0 -0.2739433 0.9595455 0.06337181 0 0.3122572 0.02646169 0.9495535 0 -17.75831 -7.133756 5.516582 1
bone 7 bone_R-middlefinger03.mesh 0 -0.2981262 -0.9544302 -0.01362469 0.03601938 -0.02551175 0.9990262 -0.9538469 0.297345 0.04198442 44.18353 12.20062 -2.166935 0.08075926 0.08781421 -0.992745 -0.9862998 -0.1361109 -0.09231037 -0.1432517 0.9867458 0.07562968 17.53372 1.75737 35.86441 0.9192296 0.09028451 0.3830367 0 -0.1150411 0.9924204 0.04215297 0 -0.3763176 -0.08280525 0.922654 0 9.378905 1.838461 -9.288692 1
bone 8 bone_L-foreTwist1.mesh -1 -0.7273378 -0.09952739 -0.6790241 0.1673325 -0.9852855 -0.03482113 -0.6655669 -0.1389495 0.73329 23.721 4.181326 -47.22727 -0.4872817 0.1836749 -0.8537101 -0.1612335 -0.979745 -0.1187621 -0.8582309 0.07977608 0.5070258 -10.39229 -2.123798 49.10709 0.953225 -0.09025214 0.2884729 0 0.1072076 0.9932855 -0.04349403 0 -0.2826102 0.07238612 0.9565001 0 17.90663 -5.631084 4.414204 1
bone 9 bone_R-pinky02.mesh 14 0.005239835 -0.9990638 0.04294927 -0.1252562 0.0419565 0.9912376 -0.9921112 -0.01057395 -0.124919 39.42422 24.41056 5.345547 0.1103778 -0.2166752 -0.96987 -0.9937766 -0.03139519 -0.10612 -0.007460132 0.9756885 -0.2188259 16.93558 -0.5310608 37.6518 0.9931042 0.07213557 0.09154031 0 -0.06291565 0.9929619 -0.09987871 0 -0.098067 0.09341585 0.9906765 0 -3.011385 -4.624099 -4.344765 1
bone 10 bone_L-pinky01.mesh 35 -0.2462362 0.9665468 0.07178984 -0.1258779 0.04155109 -0.9911747 -0.9610009 -0.2531007 0.1114355 33.89532 33.34345 -4.135677 -0.1243902 -0.2163825 -0.9683124 0.9922014 -0.03331966 -0.1200477 -0.006291002 -0.9756932 0.2188417 -16.80121 -0.3048805 38.71932 0.9891868 -0.04896867 0.1381124 0 0.06312051 0.9929358 -0.1000093 0 -0.1322888 0.1076502 0.98532 0 12.09198 -4.715076 0.9901924 1
bone 11 bone_R-pinky-base.mesh 1 0.6168392 -0.7860869 -0.03971354 0.07702017 0.01006951 0.996979 -0.7833116 -0.6180344 0.06675577 20.36151 44.18395 -0.6200225 0.4495924 0.2422487 -0.8597039 -0.8742393 -0.07802741 -0.4791839 -0.1831617 0.9670244 0.176703 15.83359 -0.8098747 40.56926 0.9718283 0.1723608 -0.1606364 0 -0.1567839 0.9819753 0.1051295 0 0.1759119 -0.07697811 0.9813641 0 -13.52582 0.07553756 1.782597 1
bone 12 bone_L-middlefinger02.mesh 25 -0.006612933 0.9999042 -0.01220445 0.04206767 -0.01191537 -0.9990436 -0.9990933 -0.007119961 -0.04198544 39.50711 25.07629 2.177863 -0.2407668 0.1085663 -0.9644378 0.9601188 -0.1187295 -0.2530788 -0.1419866 -0.9869271 -0.07565143 -17.2056 1.591635 37.19527 0.9633518 -0.1073912 -0.2457535 0 0.1202822 0.9919651 0.03802295 0 0.2396738 -0.06618594 0.9685416 0 -2.950609 0.7540889 -7.417919 1
bone 13 bone_R-pinky03.mesh 9 -0.288835 -0.9571347 0.02160555 -0.1188204 0.05823189 0.9912069 -0.9499771 0.2837279 -0.1305464 44.13349 11.84696 6.078269 -0.02243473 -0.218909 -0.9753041 -0.9995624 -0.002372479 0.02348322 -0.007460132 0.9756885 -0.2188259 17.04506 -0.7459705 36.68983 0.9630347 0.08657965 0.2544976 0 -0.06293524 0.992982 -0.0996483 0 -0.2613174 0.07991274 0.9617463 0 4.167815 -4.504797 -7.405621 1
bone 14 bone_R-pinky01.mesh 11 0.2465772 -0.9665623 0.07040636 -0.1255294 0.04018371 0.9912764 -0.9609594 -0.2532645 -0.1114235 33.89857 33.34674 4.147612 0.124932 -0.2162078 -0.9682816 -0.9921251 -0.03456822 -0.1203242 -0.007460132 0.9756885 -0.2188259 16.7968 -0.2908813 38.72744 0.9892309 0.04879511 -0.1378621 0 -0.06294496 0.9929283 -0.1002042 0 0.1320467 0.1078071 0.9853355 0 -12.08327 -4.725976 0.9840469 1
bone 15 bone_R-thumb03.mesh 6 0.4102215 0.5509206 -0.726777 0.3808555 -0.8275881 -0.4123688 -0.8286539 -0.107635 -0.5493155 24.00945 -5.08172 39.70213 -0.05922463 0.5201429 -0.8518067 0.6917053 -0.5937515 -0.4106421 -0.719632 -0.6137065 -0.3247552 14.11003 2.913173 38.16444 0.8797915 0.3322916 -0.3396361 0 -0.2982492 0.9425544 0.1493462 0 0.3699301 -0.02999151 0.9284455 0 -19.3979 -5.94666 6.906321 1
bone 16 bone_R-thumb01.mesh 1 0.01392868 0.6867319 -0.7267774 0.7907214 -0.4524527 -0.4123684 -0.6120182 -0.5689346 -0.5493154 25.84728 10.26973 39.70213 -0.1743841 0.6124196 -0.7710144 0.6720836 -0.4982128 -0.5477251 -0.719632 -0.6137065 -0.3247552 14.55094 1.245493 40.33922 0.9821247 0.1124196 -0.1508548 0 -0.1452218 0.9627441 -0.2279191 0 0.1196596 0.245757 0.9618876 0 -11.62521 -12.40709 1.892128 1
bone 17 bone_R-index03.mesh 19 0.00836983 -0.997583 -0.06897431 0.1002443 -0.06779214 0.992651 -0.9949272 -0.01522326 0.09943467 38.50336 25.40119 -4.195191 0.06942791 0.1883774 -0.979461 -0.9815729 -0.1615171 -0.1006775 -0.1772131 0.9686682 0.1737405 16.75516 2.920307 36.08403 0.9920046 0.09589019 0.08025265 0 -0.102408 0.9913828 0.08110346 0 -0.07175409 -0.08864382 0.9933007 0 -4.761311 2.006996 -4.914715 1
bone 18 bone_R-index01.mesh 1 0.465099 -0.8825674 -0.06897439 0.1201739 -0.01424779 0.9926511 -0.8770636 -0.4699701 0.09943498 25.46512 40.4799 -4.195198 0.2880687 0.219861 -0.9319817 -0.9410568 -0.1151169 -0.3180505 -0.1772131 0.9686682 0.1737405 16.17613 2.347875 38.68496 0.9767497 0.1370423 -0.1647464 0 -0.1278844 0.9896113 0.06499529 0 0.1719928 -0.04241105 0.9841573 0 -13.8386 -0.7770143 1.348408 1
bone 19 bone_R-index02.mesh 18 0.2347725 -0.9695999 -0.06897478 0.1130239 -0.04324763 0.9926509 -0.9654566 -0.2408435 0.09943466 32.72794 33.48391 -4.195179 0.1059247 0.1942736 -0.975108 -0.9783819 -0.1544048 -0.1370765 -0.1772131 0.9686682 0.1737405 16.63329 2.696786 37.20594 0.9857304 0.1285074 -0.108003 0 -0.121626 0.9901846 0.06818137 0 0.1157501 -0.05405616 0.9917143 0 -11.91663 -0.1788518 -0.02606964 1
bone 20 bone_L-hand.mesh -1 -0.6168138 0.7861767 -0.03829214 0.07614788 0.01118122 -0.9970338 -0.7834169 -0.6179003 -0.06676237 21.25529 44.45357 2.319398 -0.4496585 0.2416662 -0.8598334 0.8744702 -0.07693389 -0.4789394 -0.1818934 -0.9672577 -0.1767362 -14.89114 0.08104086 41.15079 0.9718088 -0.1725083 0.1605937 0 0.156891 0.9819308 0.1053824 0 -0.1759216 -0.07721153 0.9813441 0 14.00268 -0.445715 1.174294 1
bone 21 bone_R-ringfinger-base.mesh 1 0.6168392 -0.7860869 -0.03971354 0.07702017 0.01006951 0.996979 -0.7833116 -0.6180344 0.06675577 20.3865 44.35352 -1.498307 0.4495924 0.2422487 -0.8597039 -0.8742393 -0.07802741 -0.4791839 -0.1831617 0.9670244 0.176703 15.78273 -0.06512253 40.70638 0.9718283 0.1723608 -0.1606364 0 -0.1567839 0.9819753 0.1051295 0 0.1759119 -0.07697811 0.9813641 0 -13.55281 -0.0362101 1.661785 1
bone 22 bone_L-index02.mesh 27 -0.2347683 0.9697005 -0.06755329 0.1126921 -0.0418756 -0.9927467 -0.9654965 -0.2406785 -0.09944669 32.72192 33.48162 4.206243 -0.1058985 0.1941224 -0.9751411 0.9786139 -0.1531738 -0.1368016 -0.1759435 -0.968894 -0.173772 -16.64104 2.682964 37.19781 0.9857096 -0.1286546 0.1080145 0 0.1217534 0.9901567 0.06834952 0 -0.1157897 -0.05420557 0.9917016 0 11.91927 -0.1688876 -0.02194595 1
bone 23 bone_R-ringfinger03.mesh 5 -0.135463 -0.9907813 0.001636334 -0.01121381 0.003184212 0.9999327 -0.990719 0.1354362 -0.01154181 41.73603 19.06153 0.7464637 0.1605324 -0.02727647 -0.9865084 -0.9849284 -0.06779433 -0.1584322 -0.06257095 0.9972801 -0.03775629 17.53458 0.4565766 35.8202 0.9540001 0.07249619 0.2905454 0 -0.06750314 0.997303 -0.02719572 0 -0.2917153 0.006331095 0.956331 0 5.413611 -1.229666 -8.400898 1
bone 24 bone_R-ringfinger01.mesh 21 0.4079658 -0.9129838 0.004990052 -0.01123411 0.0004451187 0.9999377 -0.9129286 -0.4079956 -0.01007482 28.17107 38.65579 0.6058615 0.3170813 -0.01600462 -0.9482171 -0.9463193 -0.07130942 -0.3152628 -0.06257095 0.9972801 -0.03775629 16.87079 0.5211477 38.62579 0.9930204 0.06355149 -0.09919875 0 -0.0665504 0.997366 -0.0272419 0 0.09725194 0.03365759 0.9946607 0 -10.81532 -2.082028 -0.2961121 1
bone 25 bone_L-middlefinger01.mesh 20 -0.4185486 0.9081133 -0.01220371 0.04323651 0.006502435 -0.9990436 -0.9071651 -0.4186756 -0.04198596 27.83505 39.14192 2.177902 -0.3115297 0.1170994 -0.9429471 0.9395559 -0.1103249 -0.324129 -0.1419866 -0.9869271 -0.07565143 -16.71121 1.405802 38.69169 0.9853463 -0.1371551 0.1012466 0 0.1344908 0.9903288 0.03270171 0 -0.1047989 -0.01860103 0.9942899 0 11.08414 -1.80249 -0.4070854 1
bone 26 bone_L-foreTwist2.mesh 8 -0.7273377 -0.1035373 -0.6784241 0.1673324 -0.9854737 -0.02899937 -0.6655669 -0.1346147 0.734098 18.6684 3.90223 -47.25115 -0.4872818 0.1836749 -0.8537101 -0.1663012 -0.9792569 -0.1157644 -0.8572634 0.08556307 0.5077187 -12.69286 -1.256629 45.07654 0.9532249 -0.09025213 0.288473 0 0.1072075 0.9932854 -0.04349407 0 -0.2826101 0.07238609 0.9565001 0 18.06811 -5.691952 4.697109 1
bone 27 bone_L-index01.mesh 20 -0.4651192 0.882666 -0.06755306 0.1195161 -0.01299917 -0.9927466 -0.8771423 -0.4698201 -0.09944662 25.45983 40.4762 4.206246 -0.2880866 0.2194809 -0.9320659 0.9412896 -0.1139362 -0.3177868 -0.1759435 -0.968894 -0.173772 -16.18386 2.334656 38.67697 0.9767245 -0.1372007 0.164761 0 0.1280003 0.9895788 0.06524567 0 -0.1720468 -0.04263325 0.9841381 0 13.84126 -0.7645087 1.353001 1
bone 28 bone_L-pinky03.mesh 36 0.289164 0.9570028 0.02298602 -0.1184112 0.05958595 -0.9911746 -0.9499282 0.2838902 0.13055 44.12941 11.84631 -6.066154 0.02298179 -0.2188981 -0.9752938 0.9995582 -0.001111979 0.02376118 -0.006291002 -0.9756932 0.2188417 -17.04833 -0.7603189 36.68165 0.9630809 -0.08678892 -0.25425 0 0.06307381 0.9929361 -0.1000087 0 0.2611125 0.08024508 0.9617745 0 -4.154924 -4.51463 -7.40353 1
bone 29 bone_L-thumb03.mesh 33 -0.410619 -0.5497307 -0.7274531 0.3802751 -0.8283661 0.4113399 -0.8287234 -0.1077283 0.5491917 24.00131 -5.071871 -39.70284 0.05880568 0.5202019 -0.8517998 -0.6908421 -0.5946305 -0.4108236 -0.7204954 0.6128047 0.3245439 -14.11833 2.902549 38.15701 0.879757 -0.3325047 0.3395171 0 0.298264 0.9424626 0.1498919 0 -0.3700004 -0.03049767 0.9284005 0 19.40266 -5.926125 6.91103 1
bone 30 bone_L-middlefinger03.mesh 12 0.2982369 0.9544146 -0.01220398 0.03644006 -0.02416112 -0.9990437 -0.9537964 0.2975069 -0.04198556 44.17763 12.20099 2.17824 -0.08059391 0.0876945 -0.9927693 0.9864963 -0.1348691 -0.09203365 -0.1419866 -0.9869271 -0.07565143 -17.53992 1.742389 35.85606 0.9192233 -0.09052288 -0.3829954 0 0.1150791 0.9924375 0.04162614 0 0.376321 -0.0823305 0.9226955 0 -9.373418 1.821222 -9.289825 1
bone 31 bone_L-ringfinger03.mesh 39 0.1356472 0.9907526 0.003048601 -0.01102232 0.004585449 -0.9999282 -0.9906955 0.1356038 0.01154219 41.73073 19.06068 -0.7348716 -0.1602237 -0.02749656 -0.9865526 0.9850572 -0.06655551 -0.1581572 -0.06132421 -0.9973576 0.03775716 -17.53912 0.4415946 35.81186 0.9540271 -0.07271041 -0.2904026 0 0.06760278 0.9972839 -0.02760557 0 0.2916026 0.006703853 0.9563624 0 -5.40445 -1.24152 -8.400032 1
bone 32 bone_L-thumb01.mesh 20 -0.01494321 -0.685994 -0.7274535 0.7907005 -0.4534231 0.4113396 -0.6120207 -0.569051 0.5491915 25.83496 10.27304 -39.70285 0.1738263 0.6126251 -0.7709771 -0.6713028 -0.4990695 -0.5479029 -0.7204954 0.6128047 0.3245439 -14.55774 1.234353 40.3317 0.9820391 -0.1125828 0.1512884 0 0.1454605 0.9627634 -0.2276824 0 -0.1200697 0.2456039 0.9618753 0 11.64245 -12.39555 1.899593 1
bone 33 bone_L-thumb02.mesh 32 -0.2879185 -0.6228275 -0.7274534 0.543525 -0.7316968 0.4113397 -0.7884693 -0.2769568 0.5491914 25.68361 0.006763458 -39.70284 0.133376 0.5816528 -0.8022918 -0.6804429 -0.5347592 -0.500798 -0.7204954 0.6128047 0.3245439 -14.2612 2.279482 39.01643 0.909524 -0.2801927 0.3068149 0 0.2740028 0.9594953 0.06386444 0 -0.3123994 0.02603695 0.9495185 0 17.76549 -7.115281 5.521973 1
bone 34 bone_L-index03.mesh 22 -0.008342719 0.9976801 -0.06755352 0.1002324 -0.06638134 -0.9927465 -0.9949286 -0.01505357 -0.09944617 38.49698 25.40032 4.206217 -0.06939305 0.1882722 -0.9794838 0.9818037 -0.1602814 -0.1004017 -0.1759435 -0.968894 -0.173772 -16.76289 2.906311 36.07587 0.9919906 -0.09602809 -0.08025832 0 0.1025384 0.9913768 0.08100038 0 0.07175838 -0.08855176 0.9933088 0 4.763767 2.007643 -4.912457 1
bone 35 bone_L-pinky-base.mesh 20 -0.616814 0.7861766 -0.03829233 0.07614783 0.01118107 -0.997034 -0.7834165 -0.6179006 -0.06676227 20.3654 44.18198 0.6514049 -0.4496585 0.2416662 -0.8598334 0.8744702 -0.07693389 -0.4789394 -0.1818934 -0.9672577 -0.1767362 -15.83786 -0.8226261 40.56142 0.9718087 -0.1725082 0.160594 0 0.1568909 0.981931 0.1053825 0 -0.1759222 -0.07721148 0.9813439 0 13.52201 0.06983495 1.774956 1
bone 36 bone_L-pinky02.mesh 10 -0.004894207 0.9990047 0.04432963 -0.1252633 0.04336904 -0.9911749 -0.9921122 -0.01040439 0.1249263 39.42045 24.40847 -5.333515 -0.109835 -0.2168317 -0.9698967 0.993845 -0.0301443 -0.1058432 -0.006291002 -0.9756932 0.2188417 -16.93939 -0.5452541 37.64365 0.9931145 -0.0723052 -0.09128977 0 0.06309588 0.9929364 -0.1000082 0 0.09784234 0.09354523 0.9906867 0 3.022655 -4.624756 -4.340778 1
bone 37 bone_L-ringfinger-base.mesh 20 -0.616814 0.7861766 -0.03829233 0.07614783 0.01118107 -0.997034 -0.7834165 -0.6179006 -0.06676227 20.39177 44.35017 1.530609 -0.4496585 0.2416662 -0.8598334 0.8744702 -0.07693389 -0.4789394 -0.1818934 -0.9672577 -0.1767362 -15.78798 -0.0778079 40.69854 0.9718087 -0.1725082 0.160594 0 0.1568909 0.981931 0.1053825 0 -0.1759222 -0.07721148 0.9813439 0 13.54719 -0.04233003 1.653461 1
bone 38 bone_L-ringfinger01.mesh 37 -0.4077944 0.9130511 0.006402788 -0.01181107 0.001736463 -0.999928 -0.9129968 -0.4078408 0.01007564 28.167 38.65221 -0.5942676 -0.3167974 -0.01642138 -0.948305 0.9464961 -0.07012209 -0.3149984 -0.06132421 -0.9973576 0.03775716 -16.8762 0.5070529 38.61764 0.9929948 -0.06371438 0.09934556 0 0.06670506 0.997358 -0.02710093 0 -0.09740262 0.03354229 0.994649 0 10.82118 -2.073165 -0.2910843 1
bone 39 bone_L-ringfinger02.mesh 38 0.03593677 0.9993336 0.006402742 -0.009839565 0.006760047 -0.9999281 -0.9993048 0.03587122 0.01007568 40.59941 23.13831 -0.5942708 -0.138546 -0.02895305 -0.9898173 0.9883677 -0.06593717 -0.1364471 -0.06132421 -0.9973576 0.03775716 -17.34124 0.4829473 37.22559 0.9823375 -0.07331954 -0.1716852 0 0.06936444 0.997125 -0.02893746 0 0.1732858 0.01651861 0.9846151 0 -0.06052971 -1.625504 -6.140011 1
# vert  pos.x pos.y pos.z  idx0 idx1 idx2 idx3  w0 w1 w2 w3
nv 1256
v 16.7883 6.422266 19.51515 19 18 19 19 0.933135 0.06684978 0 0
v 16.85108 6.400472 19.10058 19 17 19 19 0.7564508 0.243534 0 0
v 16.58775 6.11055 19.21406 19 17 19 19 0.8798047 0.1201801 0 0
v 16.49632 6.081025 19.51331 19 19 19 19 1 0 0 0
v 16.56424 5.780124 19.43252 19 19 19 19 1 0 0 0
v 16.65217 5.84317 19.15764 19 17 19 19 0.8859541 0.1140307 0 0
v 16.83252 5.704603 19.14616 19 17 19 19 0.8823072 0.1176776 0 0
v 16.77271 5.609382 19.45442 19 19 19 19 1 0 0 0
v 16.83252 5.704603 19.14616 19 17 19 19 0.8823072 0.1176776 0 0
v 17.21935 5.882767 19.02883 19 17 19 19 0.8271153 0.1728695 0 0
v 17.15826 5.853488 19.46704 19 19 19 19 1 0 0 0
v 16.77271 5.609382 19.45442 19 19 19 19 1 0 0 0
v 17.19802 6.26256 19.0454 19 17 19 19 0.9380026 0.06198215 0 0
v 17.15022 6.198391 19.51158 19 19 19 19 1 0 0 0
v 16.86391 6.39535 18.80521 19 17 19 19 0.4604868 0.539498 0 0
v 16.84721 6.349119 18.34932 17 17 17 17 1 0 0 0
v 16.61977 6.084062 18.40583 17 17 17 17 1 0 0 0
v 16.62522 6.120357 18.92242 19 17 19 19 0.6911421 0.3088426 0 0
v 17.22099 5.903698 18.73408 19 17 19 19 0.7402304 0.2597543 0 0
v 17.18949 5.882509 18.31019 17 17 17 17 1 0 0 0
v 17.14738 6.192828 18.38922 17 17 17 17 1 0 0 0
v 17.19467 6.269649 18.74794 19 17 19 19 0.7414969 0.2584878 0 0
v 16.68474 5.858794 18.87064 19 17 19 19 0.572427 0.4275578 0 0
v 16.85524 5.73069 18.85607 19 17 19 19 0.6844892 0.3154956 0 0
v 16.58775 6.11055 19.21406 19 17 19 19 0.8798047 0.1201801 0 0
v 16.62522 6.120357 18.92242 19 17 19 19 0.6911421 0.3088426 0 0
v 16.85524 5.73069 18.85607 19 17 19 19 0.6844892 0.3154956 0 0
v 16.88085 5.71037 18.40349 17 17 17 17 1 0 0 0
v 16.65854 5.836798 18.39713 17 17 17 17 1 0 0 0
v 16.61977 6.084062 18.40583 17 17 17 17 1 0 0 0
v 16.49632 6.081025 19.51331 19 19 19 19 1 0 0 0
v 16.88085 5.71037 18.40349 17 17 17 17 1 0 0 0
v 17.15643 6.002983 18.21541 17 17 17 17 1 0 0 0
v 17.12219 6.187316 18.32056 17 17 17 17 1 0 0 0
v 17.14631 5.883603 18.09028 17 17 17 17 1 0 0 0
v 17.15087 5.975626 18.0814 17 17 17 17 1 0 0 0
v 17.1252 6.002037 17.91654 17 17 17 17 1 0 0 0
v 17.09806 5.939079 17.87782 17 17 17 17 1 0 0 0
v 17.01945 6.159266 17.74298 17 17 17 17 1 0 0 0
v 17.06085 6.191656 17.84959 17 17 17 17 1 0 0 0
v 16.93988 6.275799 17.92381 17 17 17 17 1 0 0 0
v 16.84359 6.280242 17.87303 17 17 17 17 1 0 0 0
v 16.81653 6.32467 18.10917 17 17 17 17 1 0 0 0
v 16.92616 6.316356 18.09975 17 17 17 17 1 0 0 0
v 16.96592 6.286795 18.24732 17 17 17 17 1 0 0 0
v 16.89548 5.730636 18.1726 17 17 17 17 1 0 0 0
v 16.6831 5.868954 18.15766 17 17 17 17 1 0 0 0
v 16.64047 6.087951 18.14116 17 17 17 17 1 0 0 0
v 16.90959 5.792292 17.95105 17 17 17 17 1 0 0 0
v 16.89548 5.730636 18.1726 17 17 17 17 1 0 0 0
v 17.089 6.195951 18.03006 17 17 17 17 1 0 0 0
v 16.64047 6.087951 18.14116 17 17 17 17 1 0 0 0
v 16.73982 5.921504 17.92698 17 17 17 17 1 0 0 0
v 16.90959 5.792292 17.95105 17 17 17 17 1 0 0 0
v 16.73261 6.072832 17.8898 17 17 17 17 1 0 0 0
v 16.73261 6.072832 17.8898 17 17 17 17 1 0 0 0
v 16.73982 5.921504 17.92698 17 17 17 17 1 0 0 0
v 16.80111 6.177721 21.27339 18 1 18 18 0.8898451 0.1101396 0 0
v 16.99818 6.219218 20.29859 19 18 19 19 0.4430457 0.5569391 0 0
v 16.64603 6.471766 20.24314 19 18 19 19 0.451667 0.5483177 0 0
v 16.31768 6.380391 21.24483 18 1 18 18 0.8798047 0.1201801 0 0
v 17.03075 5.930718 20.23727 19 18 19 19 0.4430152 0.5569696 0 0
v 16.79031 5.839003 21.14418 18 1 18 18 0.9293965 0.07058824 0 0
v 16.34088 6.171616 20.13943 19 18 19 19 0.3798886 0.6200961 0 0
v 16.10515 6.112097 20.67243 18 18 18 18 1 0 0 0
v 16.65172 5.669657 20.07852 19 18 19 19 0.379797 0.6201877 0 0
v 16.45019 5.568235 20.76797 18 1 18 18 0.9126421 0.08734264 0 0
v 16.18815 5.792266 20.55439 18 18 18 18 1 0 0 0
v 16.45019 5.568235 20.76797 18 1 18 18 0.9126421 0.08734264 0 0
v 16.65172 5.669657 20.07852 19 18 19 19 0.379797 0.6201877 0 0
v 16.55609 5.805517 19.74312 19 18 19 19 0.8611124 0.1388724 0 0
v 16.45806 6.075083 19.83473 19 18 19 19 0.8596628 0.140322 0 0
v 16.45806 6.075083 19.83473 19 18 19 19 0.8596628 0.140322 0 0
v 16.73131 6.450631 19.94462 19 18 19 19 0.6997177 0.300267 0 0
v 17.09195 6.2707 20.017 19 18 19 19 0.546212 0.4537728 0 0
v 16.43898 5.837809 20.01673 19 18 19 19 0.5226978 0.4772869 0 0
v 16.34088 6.171616 20.13943 19 18 19 19 0.3798886 0.6200961 0 0
v 16.7316 5.601176 19.78258 19 18 19 19 0.8589151 0.1410697 0 0
v 16.7316 5.601176 19.78258 19 18 19 19 0.8589151 0.1410697 0 0
v 17.10498 5.942835 19.9446 19 18 19 19 0.5798123 0.4201724 0 0
v 16.10515 6.112097 20.67243 18 18 18 18 1 0 0 0
v 14.12563 10.52129 21.63546 6 15 6 6 0.9554284 0.04455635 0 0
v 14.16986 10.57164 21.79282 6 16 6 6 0.7729 0.2270848 0 0
v 13.82167 10.63242 21.98252 6 6 6 6 1 0 0 0
v 14.06355 10.56652 21.34753 15 6 15 15 0.1227283 0.8772565 0 0
v 13.75455 10.83643 21.5995 6 6 6 6 1 0 0 0
v 13.70874 10.70547 21.49644 15 6 15 15 0.333135 0.6668498 0 0
v 13.85587 11.23356 21.84966 6 6 6 6 1 0 0 0
v 13.82181 11.20827 21.68417 15 6 15 15 0.2198672 0.7801175 0 0
v 14.26102 11.3164 21.79701 15 6 15 15 0.1660182 0.8339666 0 0
v 14.29302 11.20108 21.99066 6 15 6 6 0.9488365 0.05114824 0 0
v 14.44842 10.89354 21.83254 6 6 6 6 1 0 0 0
v 14.48665 10.97605 21.61973 15 6 15 15 0.1248493 0.8751354 0 0
v 14.35374 10.76868 21.67242 6 6 6 6 1 0 0 0
v 14.3841 10.69575 21.45812 15 6 15 15 0.2198825 0.7801023 0 0
v 14.48665 10.97605 21.61973 15 6 15 15 0.1248493 0.8751354 0 0
v 14.44842 10.89354 21.83254 6 6 6 6 1 0 0 0
v 13.73902 10.3135 21.45358 15 15 15 15 1 0 0 0
v 13.95983 10.00892 21.38831 15 15 15 15 1 0 0 0
v 14.44398 10.47479 21.69075 15 15 15 15 1 0 0 0
v 14.18202 10.77193 21.77104 15 15 15 15 1 0 0 0
v 14.37544 10.22725 21.45931 15 15 15 15 1 0 0 0
v 14.44398 10.47479 21.69075 15 15 15 15 1 0 0 0
v 13.85391 10.64932 21.7067 15 15 15 15 1 0 0 0
v 13.90816 10.99843 22.26966 6 6 6 6 1 0 0 0
v 14.3816 11.05553 22.26602 6 6 6 6 1 0 0 0
v 14.40854 10.67945 21.79402 6 6 6 6 1 0 0 0
v 14.02507 11.06135 21.23924 15 15 15 15 1 0 0 0
v 14.08288 11.09809 21.19803 15 15 15 15 1 0 0 0
v 13.87323 11.06185 21.06079 15 15 15 15 1 0 0 0
v 13.84325 10.99671 21.12783 15 15 15 15 1 0 0 0
v 13.81859 10.76805 21.02297 15 15 15 15 1 0 0 0
v 13.79402 10.8253 21.09465 15 15 15 15 1 0 0 0
v 13.76791 10.58195 21.19564 15 15 15 15 1 0 0 0
v 13.7579 10.47729 21.16808 15 15 15 15 1 0 0 0
v 13.76449 10.43847 21.43566 15 15 15 15 1 0 0 0
v 13.87538 10.70307 21.61008 15 15 15 15 1 0 0 0
v 14.09734 10.81402 21.67801 15 15 15 15 1 0 0 0
v 14.16399 10.95509 21.48794 15 15 15 15 1 0 0 0
v 14.09003 10.93503 21.47251 15 15 15 15 1 0 0 0
v 13.88981 10.82147 21.36429 15 15 15 15 1 0 0 0
v 14.20163 10.70033 21.03273 15 15 15 15 1 0 0 0
v 14.3126 10.41171 21.24058 15 15 15 15 1 0 0 0
v 13.87545 10.2952 21.1424 15 15 15 15 1 0 0 0
v 13.885 10.56841 20.93956 15 15 15 15 1 0 0 0
v 14.37493 10.70981 21.44546 15 15 15 15 1 0 0 0
v 14.37493 10.70981 21.44546 15 15 15 15 1 0 0 0
v 14.20163 10.70033 21.03273 15 15 15 15 1 0 0 0
v 14.26076 10.89711 21.20029 15 15 15 15 1 0 0 0
v 14.26076 10.89711 21.20029 15 15 15 15 1 0 0 0
v 16.93576 3.556732 18.97869 0 4 0 0 0.921706 0.07827878 0 0
v 17.29982 3.86983 19.53879 0 4 0 0 0.7412833 0.2587014 0 0
v 17.36659 3.660179 18.496 7 0 7 7 0.5999085 0.4000763 0 0
v 17.01163 3.514218 18.4346 7 0 7 7 0.16112 0.8388647 0 0
v 17.65279 3.681394 19.50302 0 4 0 0 0.8568704 0.1431144 0 0
v 17.71286 3.432863 18.49601 7 0 7 7 0.7210498 0.2789349 0 0
v 17.63284 3.245586 19.32138 0 0 0 0 1 0 0 0
v 17.21592 3.041014 18.44162 7 0 7 7 0.2066072 0.7933776 0 0
v 17.18589 3.061227 18.98691 0 0 0 0 1 0 0 0
v 16.99509 3.262998 18.90579 0 4 0 0 0.9594263 0.04055848 0 0
v 17.02131 3.23032 18.41519 0 7 0 0 0.8540627 0.145922 0 0
v 17.01163 3.514218 18.4346 7 0 7 7 0.16112 0.8388647 0 0
v 17.24534 2.858899 17.77922 7 0 7 7 0.8720226 0.1279622 0 0
v 17.61938 2.959599 17.64795 7 0 7 7 0.8340887 0.1658961 0 0
v 17.63705 3.043137 18.44707 7 0 7 7 0.5673152 0.4326696 0 0
v 17.21592 3.041014 18.44162 7 0 7 7 0.2066072 0.7933776 0 0
v 17.70819 3.37053 17.72782 7 0 7 7 0.8328832 0.1671015 0 0
v 17.07211 3.034738 17.81835 7 0 7 7 0.8264897 0.1734951 0 0
v 17.24534 2.858899 17.77922 7 0 7 7 0.8720226 0.1279622 0 0
v 17.06459 3.315694 17.79995 7 0 7 7 0.8743114 0.1256733 0 0
v 17.02395 2.971423 17.47474 7 7 7 7 1 0 0 0
v 17.0272 3.322715 17.49134 7 0 7 7 0.9043717 0.09561303 0 0
v 17.0194 3.310165 17.01252 7 7 7 7 1 0 0 0
v 17.59733 3.226412 16.98175 7 7 7 7 1 0 0 0
v 17.69215 3.313423 17.40218 7 0 7 7 0.9470359 0.05294881 0 0
v 17.58734 2.891247 17.31205 7 7 7 7 1 0 0 0
v 17.43028 3.539928 17.38192 7 0 7 7 0.9468528 0.05313192 0 0
v 17.38678 3.460545 16.94784 7 7 7 7 1 0 0 0
v 17.0194 3.310165 17.01252 7 7 7 7 1 0 0 0
v 17.0272 3.322715 17.49134 7 0 7 7 0.9043717 0.09561303 0 0
v 17.21639 2.814881 17.47159 7 0 7 7 0.9061875 0.09379721 0 0
v 17.06459 3.315694 17.79995 7 0 7 7 0.8743114 0.1256733 0 0
v 17.43374 3.565564 17.69547 7 0 7 7 0.8766308 0.1233539 0 0
v 17.21639 2.814881 17.47159 7 0 7 7 0.9061875 0.09379721 0 0
v 17.22516 2.76574 17.00701 7 7 7 7 1 0 0 0
v 17.22516 2.76574 17.00701 7 7 7 7 1 0 0 0
v 17.18589 3.061227 18.98691 0 0 0 0 1 0 0 0
v 17.52668 2.998285 16.85318 7 7 7 7 1 0 0 0
v 17.54588 3.210573 16.92244 7 7 7 7 1 0 0 0
v 17.52342 2.86376 16.94254 7 7 7 7 1 0 0 0
v 17.45845 2.835892 16.75383 7 7 7 7 1 0 0 0
v 17.49061 2.973237 16.71527 7 7 7 7 1 0 0 0
v 17.45045 2.975624 16.58615 7 7 7 7 1 0 0 0
v 17.41862 2.901636 16.48763 7 7 7 7 1 0 0 0
v 17.44453 3.146453 16.49417 7 7 7 7 1 0 0 0
v 17.40986 3.134892 16.39196 7 7 7 7 1 0 0 0
v 17.3192 3.342997 16.48494 7 7 7 7 1 0 0 0
v 17.38074 3.304948 16.577 7 7 7 7 1 0 0 0
v 17.33318 3.413844 16.73937 7 7 7 7 1 0 0 0
v 17.4004 3.353776 16.73302 7 7 7 7 1 0 0 0
v 17.47318 3.352301 16.86536 7 7 7 7 1 0 0 0
v 17.23773 2.772084 16.78389 7 7 7 7 1 0 0 0
v 16.97206 2.991715 16.97887 7 7 7 7 1 0 0 0
v 16.98302 3.015868 16.72346 7 7 7 7 1 0 0 0
v 17.23773 2.772084 16.78389 7 7 7 7 1 0 0 0
v 17.25807 2.811964 16.56607 7 7 7 7 1 0 0 0
v 17.49235 3.177246 16.66583 7 7 7 7 1 0 0 0
v 17.03697 3.307934 16.78399 7 7 7 7 1 0 0 0
v 17.03697 3.307934 16.78399 7 7 7 7 1 0 0 0
v 17.08269 3.069722 16.48711 7 7 7 7 1 0 0 0
v 17.25807 2.811964 16.56607 7 7 7 7 1 0 0 0
v 17.07766 3.286887 16.5611 7 7 7 7 1 0 0 0
v 17.08269 3.069722 16.48711 7 7 7 7 1 0 0 0
v 17.07766 3.286887 16.5611 7 7 7 7 1 0 0 0
v 16.93576 3.556732 18.97869 0 4 0 0 0.921706 0.07827878 0 0
v 17.29294 -4.233231 20.87822 9 14 9 9 0.9454337 0.054551 0 0
v 17.26875 -4.288064 20.40942 13 9 13 13 0.2755169 0.7244678 0 0
v 16.88658 -4.26137 20.72002 9 9 9 9 1 0 0 0
v 17.3781 -4.517458 20.43085 13 9 13 13 0.3038224 0.6961623 0 0
v 17.40324 -4.444131 20.89338 9 9 9 9 1 0 0 0
v 17.27529 -4.676685 21.08891 9 9 9 9 1 0 0 0
v 17.23527 -4.749995 20.58213 13 9 13 13 0.2998703 0.7001144 0 0
v 17.32746 -4.602648 19.80568 13 9 13 13 0.8235752 0.1764096 0 0
v 17.2389 -4.363489 19.78477 13 9 13 13 0.7706264 0.2293584 0 0
v 16.95204 -4.790322 20.00377 13 9 13 13 0.7687801 0.2312047 0 0
v 17.19711 -4.841372 19.89501 13 9 13 13 0.8337987 0.166186 0 0
v 16.96168 -4.742063 20.62599 13 9 13 13 0.2307317 0.7692531 0 0
v 16.80634 -4.5321 20.5419 9 13 9 9 0.7636988 0.236286 0 0
v 16.81622 -4.609565 19.96834 13 9 13 13 0.7577478 0.242237 0 0
v 16.95204 -4.790322 20.00377 13 9 13 13 0.7687801 0.2312047 0 0
v 16.96168 -4.742063 20.62599 13 9 13 13 0.2307317 0.7692531 0 0
v 16.88658 -4.26137 20.72002 9 9 9 9 1 0 0 0
v 16.81543 -4.469656 20.89888 9 9 9 9 1 0 0 0
v 17.15026 -4.874568 19.47772 13 13 13 13 1 0 0 0
v 17.26346 -4.66057 19.38708 13 13 13 13 1 0 0 0
v 16.86247 -4.435471 19.48303 13 13 13 13 1 0 0 0
v 16.89473 -4.353432 20.11247 13 9 13 13 0.550988 0.4489967 0 0
v 17.1792 -4.448394 19.3306 13 13 13 13 1 0 0 0
v 16.92345 -4.856385 19.53504 13 13 13 13 1 0 0 0
v 16.92345 -4.856385 19.53504 13 13 13 13 1 0 0 0
v 16.79886 -4.68586 19.49419 13 13 13 13 1 0 0 0
v 16.89473 -4.353432 20.11247 13 9 13 13 0.550988 0.4489967 0 0
v 16.86247 -4.435471 19.48303 13 13 13 13 1 0 0 0
v 16.97904 -4.699172 21.01482 9 9 9 9 1 0 0 0
v 16.97904 -4.699172 21.01482 9 9 9 9 1 0 0 0
v 17.05719 -4.866879 18.84018 13 13 13 13 1 0 0 0
v 16.92091 -4.894425 18.87509 13 13 13 13 1 0 0 0
v 16.8344 -4.757835 18.86873 13 13 13 13 1 0 0 0
v 17.08066 -4.721305 18.78213 13 13 13 13 1 0 0 0
v 17.10164 -4.590817 19.16896 13 13 13 13 1 0 0 0
v 17.08752 -4.605658 19.00838 13 13 13 13 1 0 0 0
v 17.05078 -4.563573 18.9721 13 13 13 13 1 0 0 0
v 17.08727 -4.510154 19.19291 13 13 13 13 1 0 0 0
v 17.20522 -4.659207 19.30478 13 13 13 13 1 0 0 0
v 17.19404 -4.673059 19.24636 13 13 13 13 1 0 0 0
v 17.1267 -4.807097 19.21559 13 13 13 13 1 0 0 0
v 17.12935 -4.875297 19.25734 13 13 13 13 1 0 0 0
v 17.08536 -4.901785 18.99049 13 13 13 13 1 0 0 0
v 17.10776 -4.831294 19.0129 13 13 13 13 1 0 0 0
v 17.08748 -4.816748 18.88891 13 13 13 13 1 0 0 0
v 17.10089 -4.718415 18.87186 13 13 13 13 1 0 0 0
v 17.07779 -4.633865 18.8869 13 13 13 13 1 0 0 0
v 17.042 -4.588421 18.84307 13 13 13 13 1 0 0 0
v 16.907 -4.916019 19.03987 13 13 13 13 1 0 0 0
v 17.11141 -4.705484 18.98072 13 13 13 13 1 0 0 0
v 16.81373 -4.534343 19.05529 13 13 13 13 1 0 0 0
v 16.82813 -4.502126 19.19975 13 13 13 13 1 0 0 0
v 16.77332 -4.754667 19.02457 13 13 13 13 1 0 0 0
v 16.907 -4.916019 19.03987 13 13 13 13 1 0 0 0
v 16.90505 -4.907722 19.20786 13 13 13 13 1 0 0 0
v 16.75999 -4.738863 19.18657 13 13 13 13 1 0 0 0
v 16.82813 -4.502126 19.19975 13 13 13 13 1 0 0 0
v 16.81373 -4.534343 19.05529 13 13 13 13 1 0 0 0
v 16.90505 -4.907722 19.20786 13 13 13 13 1 0 0 0
v 16.8184 -4.589515 18.9185 13 13 13 13 1 0 0 0
v 16.8344 -4.757835 18.86873 13 13 13 13 1 0 0 0
v 16.92091 -4.894425 18.87509 13 13 13 13 1 0 0 0
v 16.8184 -4.589515 18.9185 13 13 13 13 1 0 0 0
v 15.03803 4.128723 30.36893 2 3 2 2 0.9875944 0.01239033 0 0
v 14.7887 3.909104 30.7737 2 3 2 2 0.967361 0.03262379 0 0
v 15.16609 3.702713 30.93405 2 3 2 2 0.9480278 0.05195697 0 0
v 15.80379 3.596347 30.27811 2 2 2 2 1 0 0 0
v 15.42585 3.316083 31.00912 2 3 2 2 0.9358358 0.06414893 0 0
v 15.58068 2.792229 30.93275 2 3 2 2 0.934905 0.06507973 0 0
v 15.36391 1.888878 30.64764 2 3 2 2 0.9397269 0.06025788 0 0
v 15.01124 1.741302 30.56264 2 3 2 2 0.950927 0.04905776 0 0
v 15.28454 1.901704 30.12721 2 3 2 2 0.9736629 0.02632181 0 0
v 15.61325 2.104684 30.06754 2 3 2 2 0.9883116 0.01167315 0 0
v 14.86277 2.026913 29.84106 2 2 2 2 1 0 0 0
v 15.62197 2.300882 30.61409 2 3 2 2 0.9412528 0.05873198 0 0
v 13.86863 2.910057 31.09353 2 3 2 2 0.8359808 0.164004 0 0
v 13.90407 3.212337 31.39439 2 3 2 2 0.8311132 0.1688716 0 0
v 14.19788 3.595396 30.35755 2 2 2 2 1 0 0 0
v 14.18837 3.28652 30.01023 2 2 2 2 1 0 0 0
v 13.9336 2.615087 30.82039 2 3 2 2 0.8772259 0.1227588 0 0
v 14.34408 2.927577 29.76593 2 2 2 2 1 0 0 0
v 14.00691 2.298089 30.79822 2 3 2 2 0.8580759 0.1419089 0 0
v 14.81173 3.371783 32.05062 2 3 2 2 0.7729763 0.2270085 0 0
v 15.07419 2.975549 32.11903 2 3 2 2 0.7637904 0.2361944 0 0
v 14.45176 3.546821 31.91327 2 3 2 2 0.7752956 0.2246891 0 0
v 15.07477 1.779196 31.75395 2 3 2 2 0.7393911 0.2605936 0 0
v 14.79258 1.53353 31.51316 2 3 2 2 0.7882048 0.21178 0 0
v 14.40741 1.709705 30.96793 2 3 2 2 0.8196079 0.1803769 0 0
v 14.14517 2.006532 30.76856 2 3 2 2 0.8771496 0.1228351 0 0
v 15.23671 2.455746 32.00997 2 3 2 2 0.7641718 0.2358129 0 0
v 14.05926 3.456106 31.56745 2 3 2 2 0.8349737 0.1650111 0 0
v 14.32852 3.857693 30.513 2 2 2 2 1 0 0 0
v 15.39796 4.003964 30.38167 2 3 1 2 0.9708553 0.0115816 0.01753262 0
v 15.58944 4.194383 29.88235 1 2 1 1 0.06430152 0.9356833 0 0
v 15.3567 4.351796 29.99047 1 2 1 1 0.02322423 0.9767605 0 0
v 15.97611 3.123195 29.66302 2 1 2 2 0.8676432 0.1323415 0 0
v 15.89831 2.501879 29.57084 2 1 2 2 0.885298 0.1146868 0 0
v 15.61281 2.178968 29.06022 1 2 1 1 0.1642939 0.8356909 0 0
v 15.77642 2.26773 29.59088 2 1 2 2 0.9384146 0.06157015 0 0
v 14.46447 2.679503 29.55926 2 1 2 2 0.9542992 0.04568551 0 0
v 14.61425 2.369772 29.57464 2 1 2 2 0.9494163 0.0505684 0 0
v 14.00691 2.298089 30.79822 2 3 2 2 0.8580759 0.1419089 0 0
v 14.46447 2.679503 29.55926 2 1 2 2 0.9542992 0.04568551 0 0
v 15.12487 2.425415 28.04551 1 2 11 1 0.3129778 0.633341 0.05365072 0
v 14.36543 4.778944 29.42521 2 16 2 2 0.8747845 0.1252003 0 0
v 14.79764 4.580796 29.78631 2 16 2 2 0.9521935 0.04779126 0 0
v 14.09351 10.82598 23.24703 16 16 16 16 1 0 0 0
v 14.68018 9.049948 24.74822 16 1 2 16 0.617792 0.2145876 0.1675898 0
v 14.53265 11.35955 22.76667 16 6 16 16 0.7959411 0.2040436 0 0
v 14.81673 10.8731 22.92272 16 1 16 16 0.9063554 0.09362936 0 0
v 14.8405 11.25154 22.2022 16 16 16 16 1 0 0 0
v 14.60425 11.21006 22.15718 16 6 16 16 0.779675 0.2203098 0 0
v 14.97343 10.20927 23.61689 16 1 16 16 0.8197452 0.1802396 0 0
v 14.03642 10.65398 22.18934 16 16 16 16 1 0 0 0
v 13.85468 10.77802 22.4027 16 6 16 16 0.7991608 0.200824 0 0
v 14.35842 10.76011 21.8938 16 6 16 16 0.7722439 0.2277409 0 0
v 14.54692 11.11296 21.95952 16 16 16 16 1 0 0 0
v 13.93453 11.17468 22.69537 16 6 16 16 0.7763028 0.223682 0 0
v 14.48662 10.82081 21.94892 6 6 6 6 1 0 0 0
v 14.60425 11.21006 22.15718 16 6 16 16 0.779675 0.2203098 0 0
v 14.48662 10.82081 21.94892 6 6 6 6 1 0 0 0
v 13.93592 10.29633 22.75044 16 16 16 16 1 0 0 0
v 13.89717 10.55863 22.98803 16 16 16 16 1 0 0 0
v 14.69981 10.94128 22.02267 16 16 16 16 1 0 0 0
v 14.39711 10.63767 22.01344 16 16 16 16 1 0 0 0
v 14.8405 11.25154 22.2022 16 16 16 16 1 0 0 0
v 16.79238 3.181389 20.87316 4 1 4 4 0.8198367 0.180148 0 0
v 17.09759 3.005076 19.39494 0 4 0 0 0.7644312 0.2355535 0 0
v 17.5697 3.251533 19.80502 0 4 0 0 0.6811627 0.318822 0 0
v 17.29539 3.145888 20.94343 4 4 4 4 1 0 0 0
v 16.56025 3.977126 20.76126 4 1 18 4 0.7536126 0.1118334 0.1345388 0
v 17.00599 3.735644 20.96488 4 4 4 4 1 0 0 0
v 17.23973 3.84767 20.02613 0 4 0 0 0.4198672 0.5801175 0 0
v 16.84293 3.530361 19.26935 0 4 0 0 0.8977798 0.1022049 0 0
v 16.84293 3.530361 19.26935 0 4 0 0 0.8977798 0.1022049 0 0
v 16.89372 3.235236 19.29152 0 4 0 0 0.7741359 0.2258488 0 0
v 16.56454 3.305658 20.58041 4 1 4 4 0.9202716 0.07971313 0 0
v 17.09759 3.005076 19.39494 0 4 0 0 0.7644312 0.2355535 0 0
v 16.79238 3.181389 20.87316 4 1 4 4 0.8198367 0.180148 0 0
v 17.59549 3.677499 19.9771 0 4 0 0 0.5619135 0.4380713 0 0
v 17.32701 3.556891 21.00789 4 4 4 4 1 0 0 0
v 16.56025 3.977126 20.76126 4 1 18 4 0.7536126 0.1118334 0.1345388 0
v 15.38571 7.880733 24.35519 16 1 2 16 0.3436637 0.6365301 0.01977569 0
v 15.52223 7.136305 24.9482 1 2 16 1 0.7262532 0.0301976 0.243534 0
v 15.7586 5.906207 25.17359 1 2 1 1 0.9812467 0.01873808 0 0
v 15.72345 6.044683 24.83801 1 1 1 1 1 0 0 0
v 14.18924 9.521832 22.86938 16 1 2 16 0.9217517 0.01000992 0.06820783 0
v 14.40173 10.41453 22.05097 16 16 16 16 1 0 0 0
v 14.60789 8.262425 22.94157 16 1 2 16 0.670634 0.2933699 0.03598077 0
v 14.66362 6.469919 24.21795 16 1 2 16 0.4237583 0.4021363 0.1740902 0
v 15.37162 5.080739 27.74962 1 2 1 1 0.507393 0.4925917 0 0
v 15.36111 6.11466 26.54113 1 2 16 1 0.5654383 0.3018692 0.1326619 0
v 15.06933 5.616541 27.27338 16 1 2 16 0.0532845 0.5042649 0.4424201 0
v 15.20048 4.934485 28.40951 1 2 1 1 0.357763 0.6422217 0 0
v 15.29072 7.880443 23.96431 16 1 16 16 0.3329366 0.6670482 0 0
v 14.18662 5.804752 26.35373 16 1 2 16 0.3444419 0.09787136 0.5576715 0
v 13.95088 10.09991 23.27664 16 16 16 16 1 0 0 0
v 14.20792 4.987154 27.64699 16 1 2 16 0.2311284 0.05008011 0.7187762 0
v 14.11006 5.870546 27.74373 16 2 16 16 0.3198138 0.6801709 0 0
v 14.26849 4.12337 29.1944 2 16 1 2 0.9101396 0.07922484 0.01062028 0
v 14.76602 5.626987 28.44223 16 1 2 16 0.1694362 0.1006027 0.7299306 0
v 14.30409 6.837222 27.31433 16 2 16 16 0.4285496 0.5714351 0 0
v 14.64336 7.780805 26.45252 16 1 2 16 0.4798047 0.06468299 0.4554818 0
v 14.19082 9.572748 24.5952 16 2 16 16 0.8372015 0.1627833 0 0
v 14.54217 5.194116 26.16806 16 1 2 16 0.2696422 0.2273289 0.5029984 0
v 15.01714 6.32757 23.93544 16 1 2 16 0.3977417 0.4970168 0.105211 0
v 15.03672 6.844196 23.43915 16 1 2 16 0.3756924 0.5989929 0.0252842 0
v 14.88303 10.28131 22.22185 16 1 16 16 0.9043565 0.09562829 0 0
v 15.31989 7.40611 25.16656 16 1 2 16 0.3142596 0.5916838 0.0940261 0
v 15.84738 5.481157 26.10564 1 2 1 1 0.839826 0.1601587 0 0
v 15.60161 4.955953 27.75954 1 2 1 1 0.5127031 0.4872816 0 0
v 14.47005 3.636576 28.3344 16 1 2 16 0.03996338 0.119173 0.8408484 0
v 14.7289 3.288135 28.06293 1 2 1 1 0.2178073 0.7821774 0 0
v 14.51362 3.74986 28.74992 1 2 16 1 0.06775006 0.8701915 0.06202792 0
v 14.7278 3.245347 28.64893 2 1 2 2 0.8381781 0.1618067 0 0
v 15.24826 5.851407 23.8446 16 1 2 16 0.1690242 0.8075837 0.02336156 0
v 15.11403 8.691423 23.14725 16 1 16 16 0.5399863 0.4599985 0 0
v 13.97369 10.42864 23.42893 16 16 16 16 1 0 0 0
v 15.59956 6.735453 24.2245 1 16 1 1 0.880293 0.1196918 0 0
v 16.02296 6.045422 24.65404 1 1 1 1 1 0 0 0
v 15.26293 5.092167 24.27879 16 1 2 21 0.168246 0.6778058 0.08068971 0.07322805
v 15.56635 4.634094 24.1099 16 1 2 21 0.07849241 0.7828794 0.05886931 0.07972839
v 15.41087 4.123533 24.65391 1 2 21 16 0.6576028 0.1407492 0.1230793 0.07852293
v 14.88896 4.437372 26.11958 16 1 2 21 0.1576257 0.3891966 0.4388953 0.01425193
v 15.52797 5.032166 23.97704 16 1 2 21 0.07640192 0.8763103 0.03486687 0.01239033
v 15.15051 3.677321 26.37909 1 2 21 16 0.4689555 0.4313878 0.06346227 0.03616388
v 15.26293 5.092167 24.27879 16 1 2 21 0.168246 0.6778058 0.08068971 0.07322805
v 15.15051 3.677321 26.37909 1 2 21 16 0.4689555 0.4313878 0.06346227 0.03616388
v 14.95677 3.203513 27.48525 1 2 1 1 0.3798276 0.6201572 0 0
v 15.24826 5.851407 23.8446 16 1 2 16 0.1690242 0.8075837 0.02336156 0
v 15.49943 5.113609 23.95778 1 1 1 1 1 0 0 0
v 15.11403 8.691423 23.14725 16 1 16 16 0.5399863 0.4599985 0 0
v 15.42153 6.414495 23.76345 16 1 18 16 0.1256428 0.8121004 0.06224155 0
v 15.11403 8.691423 23.14725 16 1 16 16 0.5399863 0.4599985 0 0
v 15.25432 3.079287 25.26736 1 2 11 21 0.5284047 0.1731746 0.1765927 0.1217823
v 15.66974 3.318767 23.78394 1 11 21 1 0.2863356 0.3410239 0.3726253 0
v 15.17964 3.328378 25.99162 1 2 11 21 0.5176166 0.3291524 0.0458381 0.1073625
v 14.95677 3.203513 27.48525 1 2 1 1 0.3798276 0.6201572 0 0
v 15.87842 6.171219 24.02884 1 18 1 1 0.9040665 0.09591821 0 0
v 15.76396 4.597471 22.50003 1 18 4 21 0.5981537 0.1980011 0.1929198 0.01087968
v 15.61312 5.754476 23.30706 18 1 18 18 0.2580911 0.7418936 0 0
v 15.61312 5.754476 23.30706 18 1 18 18 0.2580911 0.7418936 0 0
v 15.42153 6.414495 23.76345 16 1 18 16 0.1256428 0.8121004 0.06224155 0
v 15.9312 4.099004 22.91153 1 4 21 18 0.6436103 0.2115053 0.1243305 0.02052338
v 16.02086 3.595136 23.04998 1 21 4 24 0.5245746 0.3167773 0.08599985 0.07261769
v 16.07959 3.235715 23.14099 14 1 11 21 0.05072099 0.3719997 0.03184558 0.5454032
v 15.88418 4.900043 27.29194 1 2 1 1 0.6363317 0.363653 0 0
v 16.52541 4.677279 25.98838 1 2 1 1 0.8802472 0.1197375 0 0
v 16.12306 5.286966 26.09047 1 2 1 1 0.8422675 0.1577173 0 0
v 16.01487 5.86626 24.94284 1 1 1 1 1 0 0 0
v 16.73468 5.046972 24.98001 1 1 1 1 1 0 0 0
v 16.46062 5.556316 24.94687 1 1 1 1 1 0 0 0
v 16.277 5.769541 24.87821 1 1 1 1 1 0 0 0
v 15.99394 3.886136 29.21401 1 2 1 1 0.2188144 0.7811704 0 0
v 14.88976 3.154809 27.95056 1 2 1 1 0.3386129 0.6613718 0 0
v 15.86904 2.334193 28.98793 1 2 1 1 0.1712367 0.828748 0 0
v 16.06284 2.676793 29.21859 1 2 1 1 0.1506523 0.8493324 0 0
v 16.4206 5.69084 24.90711 1 1 1 1 1 0 0 0
v 16.79763 4.755166 24.94934 1 1 1 1 1 0 0 0
v 16.81921 4.940402 25.00323 1 1 1 1 1 0 0 0
v 15.66552 2.185414 28.39639 2 1 11 2 0.7171893 0.2585641 0.02423133 0
v 15.90931 2.42105 26.81803 1 2 11 1 0.4324559 0.393576 0.1739528 0
v 15.25659 2.325601 27.10633 1 2 11 1 0.4132754 0.4627451 0.1239643 0
v 15.48046 2.350777 25.96774 1 2 11 1 0.4349737 0.2551003 0.3099107 0
v 16.12803 2.639029 25.56276 1 2 11 1 0.5164721 0.1664454 0.3170519 0
v 15.09573 2.476295 27.71122 1 2 11 1 0.3324178 0.6085603 0.05899138 0
v 14.94841 2.820119 27.76596 1 2 11 1 0.3766384 0.5891966 0.03413443 0
v 14.88976 3.154809 27.95056 1 2 1 1 0.3386129 0.6613718 0 0
v 15.36893 2.856613 24.66826 1 2 11 21 0.4838026 0.04095522 0.4106355 0.06457618
v 16.73373 3.378365 24.26332 1 11 21 1 0.3557793 0.5819486 0.06225681 0
v 16.61211 3.521535 24.75868 1 2 11 21 0.4159152 0.01072709 0.4413672 0.13196
v 16.51339 3.180718 24.5632 1 11 21 1 0.4369421 0.5485923 0.01445029 0
v 16.27919 4.348101 27.27946 1 2 21 11 0.5681086 0.3657435 0.0351873 0.03093004
v 16.12996 2.853526 26.51968 1 2 11 21 0.5127184 0.2673533 0.1985046 0.02137789
v 16.26481 3.190449 26.5832 1 2 11 21 0.4193179 0.2700389 0.2678721 0.04274052
v 16.80004 4.109268 24.34616 1 11 21 1 0.12636 0.2669871 0.6066377 0
v 16.81069 3.626495 24.14312 1 11 21 1 0.3008469 0.3788663 0.3202564 0
v 16.1441 3.359373 28.68933 2 1 21 11 0.6762798 0.2547188 0.03671321 0.03227283
v 16.377 3.855001 26.38141 1 2 11 21 0.4902724 0.1896544 0.1497063 0.1703365
v 14.93233 2.997216 26.82172 1 2 11 21 0.5445334 0.4087434 0.03266957 0.01402304
v 16.83921 4.367414 24.44857 1 11 21 1 0.1759518 0.2709087 0.553109 0
v 16.60407 4.143802 25.25062 1 2 11 21 0.3210803 0.05329976 0.2396277 0.3859617
v 16.4698 3.432442 25.32158 1 2 11 21 0.4780652 0.05787747 0.3892882 0.07472343
v 16.3287 3.037529 25.44634 1 2 11 21 0.5760128 0.09004349 0.3117266 0.02218662
v 16.34389 2.884644 24.4272 1 11 1 1 0.481941 0.5180438 0 0
v 15.66842 2.527206 24.705 1 2 11 21 0.4639658 0.03575189 0.4850233 0.0152285
v 16.80404 3.479926 24.2457 1 11 21 1 0.3695888 0.4471962 0.1831998 0
v 16.83183 4.231513 24.39747 1 11 21 1 0.1367056 0.2598611 0.603418 0
v 15.95112 2.385612 23.94163 11 1 14 11 0.6238346 0.3290608 0.04707408 0
v 16.73213 5.735218 21.57615 18 1 18 18 0.8261692 0.1738155 0 0
v 16.43426 6.069843 24.18593 1 1 1 1 1 0 0 0
v 16.01043 6.009983 20.99433 18 1 18 18 0.9552148 0.04476997 0 0
v 16.12024 5.730348 20.79994 18 1 18 18 0.9515221 0.04846266 0 0
v 15.8726 5.571775 21.42829 18 1 18 18 0.7598993 0.2400855 0 0
v 15.81144 5.910253 21.73798 18 1 18 18 0.7348897 0.265095 0 0
v 16.73903 6.119868 21.60387 18 1 18 18 0.8369421 0.1630426 0 0
v 16.23448 6.331995 21.76853 18 1 18 18 0.7451286 0.2548562 0 0
v 16.01043 6.009983 20.99433 18 1 18 18 0.9552148 0.04476997 0 0
v 15.81144 5.910253 21.73798 18 1 18 18 0.7348897 0.265095 0 0
v 16.10425 6.271777 23.03286 18 1 18 18 0.3313649 0.6686198 0 0
v 16.66085 6.057139 22.35932 18 1 18 18 0.625391 0.3745937 0 0
v 16.72495 5.635881 22.79929 18 1 18 18 0.4594797 0.5405051 0 0
v 16.66048 5.772145 23.92058 1 18 1 1 0.8990158 0.1009689 0 0
v 16.60378 5.969682 23.99279 1 18 1 1 0.9192035 0.08078126 0 0
v 16.53231 5.852262 24.56136 1 1 1 1 1 0 0 0
v 16.59095 5.680365 24.56963 1 1 1 1 1 0 0 0
v 16.36209 5.931422 24.53893 1 1 1 1 1 0 0 0
v 16.32426 5.103261 21.00956 18 1 4 18 0.663325 0.1492027 0.1874571 0
v 15.93417 4.580118 21.8299 18 4 1 18 0.2448005 0.3198901 0.4352941 0
v 16.32426 5.103261 21.00956 18 1 4 18 0.663325 0.1492027 0.1874571 0
v 16.95901 5.166703 23.9961 1 4 1 1 0.9424124 0.05757229 0 0
v 16.88064 4.880729 23.13742 1 4 1 1 0.6999924 0.2999924 0 0
v 16.44909 4.033131 21.0412 18 4 1 18 0.1487449 0.6917067 0.1595178 0
v 15.72935 5.311515 21.89982 18 1 4 18 0.5744411 0.3592889 0.06625468 0
v 16.93938 3.917336 21.46757 4 1 4 4 0.8702983 0.1296864 0 0
v 16.44909 4.033131 21.0412 18 4 1 18 0.1487449 0.6917067 0.1595178 0
v 16.56319 5.179456 22.68933 18 1 4 18 0.2462959 0.6352484 0.1184405 0
v 16.10878 3.61182 22.02287 1 4 24 21 0.4724804 0.4113069 0.07426566 0.04191653
v 16.44279 3.222773 20.93055 4 1 24 4 0.805066 0.1380178 0.05688563 0
v 16.26208 2.807388 22.25983 1 24 4 21 0.431693 0.2788281 0.1472801 0.1421531
v 17.27044 3.608141 21.34602 4 1 4 4 0.9442893 0.05569543 0 0
v 17.03183 5.037772 24.59761 1 1 1 1 1 0 0 0
v 16.98003 4.781394 24.53715 1 1 1 1 1 0 0 0
v 17.10291 4.728266 23.95613 1 4 1 1 0.9398184 0.06016632 0 0
v 17.16926 4.773713 23.65546 1 4 1 1 0.8 0.2 0 0
v 16.88054 5.167315 24.57006 1 1 1 1 1 0 0 0
v 17.20078 3.96448 22.17042 4 1 4 4 0.710811 0.2891737 0 0
v 17.13576 3.920152 22.72048 1 11 4 1 0.5421836 0.00779736 0.4499885 0
v 17.10714 4.458734 23.6237 1 11 21 1 0.2712596 0.104097 0.6246128 0
v 16.75105 1.031434 21.44585 24 1 4 24 0.7590448 0.1392233 0.1017014 0
v 17.09392 0.7120391 21.99224 24 21 24 24 0.9378653 0.06211948 0 0
v 17.18357 0.682444 21.82613 24 21 24 24 0.9378653 0.06211948 0 0
v 16.85219 0.4623142 21.13896 24 1 24 24 0.9404135 0.05957122 0 0
v 16.8121 0.05356655 21.2988 24 21 1 24 0.9692683 0.01754788 0.01316854 0
v 16.75105 1.031434 21.44585 24 1 4 24 0.7590448 0.1392233 0.1017014 0
v 16.85219 0.4623142 21.13896 24 1 24 24 0.9404135 0.05957122 0 0
v 16.93773 3.394606 22.98498 24 1 11 21 0.2687114 0.6174105 0.0362707 0.07756161
v 17.21993 3.244792 21.39868 1 4 24 21 0.101564 0.8836194 0.009079118 0.005722133
v 17.07362 3.027443 23.18118 1 1 21 24 0.5878843 0 0.0486305 0.3634699
v 16.67344 2.596547 21.3872 4 24 1 4 0.4606088 0.2798962 0.2594797 0
v 16.67344 2.596547 21.3872 4 24 1 4 0.4606088 0.2798962 0.2594797 0
v 16.33547 -0.1344592 22.27006 14 21 1 24 0.465919 0.2853742 0.1639887 0.08468757
v 17.09164 -2.877317 22.28142 14 9 1 11 0.6363928 0.2233005 0.08052186 0.05976959
v 16.88682 -0.98769 22.5318 14 1 9 21 0.4018921 0.2269169 0.2181277 0.1530327
v 17.04595 -1.574703 22.87928 1 11 1 14 0.09370565 0.2055238 0 0.7007553
v 16.51764 -0.8514698 22.67568 14 1 11 21 0.5071489 0.1107347 0.3506218 0.03147936
v 16.75673 -4.368745 21.97558 14 9 21 14 0.855848 0.1299458 0.01417563 0
v 17.03894 -4.454738 22.23599 14 9 14 14 0.8053712 0.1946136 0 0
v 16.82607 0.09829634 23.1944 14 1 11 14 0.3890898 0.2707714 0.3401083 0
v 16.75673 -4.368745 21.97558 14 9 21 14 0.855848 0.1299458 0.01417563 0
v 16.51764 -0.8514698 22.67568 14 1 11 21 0.5071489 0.1107347 0.3506218 0.03147936
v 16.39111 -0.2316689 22.58207 14 1 11 21 0.4409705 0.07190051 0.3938964 0.09318685
v 16.64027 -4.072652 21.83817 14 9 21 14 0.8688182 0.1048905 0.02626078 0
v 17.11872 2.272294 22.91589 21 1 14 24 0.3757229 0.2774548 0.04679942 0.2999924
v 16.69794 -3.364189 21.76407 14 24 21 14 0.8880445 0.05665675 0.05528343 0
v 17.13028 -3.564991 21.8914 9 14 24 1 0.5139086 0.4093691 0.04138247 0.03530938
v 17.2369 -4.133874 22.23641 14 9 14 14 0.7696498 0.2303349 0 0
v 17.29448 -4.18925 21.97827 9 14 9 9 0.5072862 0.4927138 0 0
v 17.08383 -2.240447 22.90264 14 1 11 14 0.7623865 0.0844892 0.1530938 0
v 16.91194 -0.7815549 23.16983 14 1 11 14 0.5303731 0.1841917 0.2854047 0
v 16.84121 -2.262846 21.73938 14 24 1 9 0.559884 0.3254902 0.06216526 0.05244526
v 16.84121 -2.262846 21.73938 14 24 1 9 0.559884 0.3254902 0.06216526 0.05244526
v 16.69794 -3.364189 21.76407 14 24 21 14 0.8880445 0.05665675 0.05528343 0
v 17.19986 0.7514923 22.19511 24 21 1 24 0.7687495 0.1250172 0.1062181 0
v 16.86469 -0.4827482 21.51746 24 14 1 21 0.7731441 0.1456626 0.05273518 0.02842756
v 16.76302 -3.537459 21.59715 14 9 24 1 0.6225833 0.2796979 0.05958648 0.03810178
v 16.86469 -0.4827482 21.51746 24 14 1 21 0.7731441 0.1456626 0.05273518 0.02842756
v 16.68079 -4.116753 21.6607 14 9 21 14 0.7858091 0.1863432 0.02783246 0
v 16.76302 -3.537459 21.59715 14 9 24 1 0.6225833 0.2796979 0.05958648 0.03810178
v 16.83433 -4.116781 21.19843 9 14 9 9 0.9191729 0.08081178 0 0
v 17.2796 -4.154136 21.20074 9 14 9 9 0.7400168 0.259968 0 0
v 16.83433 -4.116781 21.19843 9 14 9 9 0.9191729 0.08081178 0 0
v 16.79719 -4.382297 21.85766 14 9 21 14 0.900618 0.08090334 0.01844816 0
v 17.09546 -4.506504 22.02694 14 9 14 14 0.5798428 0.4201419 0 0
v 16.93913 -4.644918 21.32272 9 14 9 9 0.8695354 0.1304494 0 0
v 17.25959 -4.611645 21.47608 9 14 9 9 0.4801251 0.5198596 0 0
v 16.7637 -4.410288 21.17918 9 14 9 9 0.9550316 0.04495308 0 0
v 16.93913 -4.644918 21.32272 9 14 9 9 0.8695354 0.1304494 0 0
v 16.79719 -4.382297 21.85766 14 9 21 14 0.900618 0.08090334 0.01844816 0
v 16.89221 -4.221351 20.91404 9 9 9 9 1 0 0 0
v 17.40077 -4.365594 21.22835 9 14 9 9 0.7638514 0.2361334 0 0
v 16.89221 -4.221351 20.91404 9 9 9 9 1 0 0 0
v 17.02431 4.455438 24.00432 1 11 21 1 0.1604181 0.1871214 0.65243 0
v 17.05198 4.250876 23.93428 1 11 21 1 0.1026017 0.20206 0.6953231 0
v 16.58228 3.115495 24.27651 1 11 21 1 0.4401617 0.5438773 0.01593042 0
v 16.93765 4.099833 23.86332 1 11 21 1 0.08555733 0.1685664 0.7458457 0
v 17.08899 4.080624 23.44352 1 11 21 1 0.08514534 0.1130236 0.8018158 0
v 17.41642 0.609627 22.14225 24 1 24 21 0.8960097 0.1011826 0 0.002777142
v 17.48878 0.2145218 21.78978 24 1 24 21 0.9957427 0.001144427 0 0.003097581
v 17.22348 4.098982 23.28275 21 24 21 21 0.9499962 0.04998856 0 0
v 16.98088 3.236117 23.81571 1 11 21 14 0.3191424 0.4138552 0.2347143 0.03227283
v 16.96687 3.319337 23.7712 1 11 21 14 0.3107042 0.4155337 0.2379645 0.03578241
v 16.85347 2.880591 23.84139 1 11 21 14 0.33991 0.410544 0.1945678 0.054963
v 16.61661 2.518485 23.86575 11 1 14 21 0.4722057 0.4373083 0.06019684 0.0302739
v 17.33554 1.503541 22.53777 1 1 21 24 0.09765774 0 0.2250858 0.6772259
v 16.25455 0.9412888 23.26879 14 1 11 21 0.2637522 0.2361028 0.4736401 0.0264744
v 17.28007 -0.06583097 21.85791 24 14 21 1 0.8517739 0.06733806 0.0458381 0.03501945
v 17.62194 -0.3725224 20.1482 5 24 5 5 0.8770123 0.1229725 0 0
v 17.66023 0.02739635 20.26346 5 24 5 5 0.7797666 0.2202182 0 0
v 17.39413 0.2356574 20.20955 5 24 5 5 0.7797513 0.2202335 0 0
v 16.99902 -0.2142775 21.17887 24 21 24 24 0.9833829 0.01660182 0 0
v 16.99902 -0.2142775 21.17887 24 21 24 24 0.9833829 0.01660182 0 0
v 16.87037 -0.05749668 21.01283 24 24 24 24 1 0 0 0
v 17.03635 0.09451136 19.8468 5 24 5 5 0.7797666 0.2202182 0 0
v 17.03635 0.09451136 19.8468 5 24 5 5 0.7797666 0.2202182 0 0
v 17.2235 -0.4124486 20.03596 5 24 5 5 0.6835584 0.3164263 0 0
v 17.2235 -0.4124486 20.03596 5 24 5 5 0.6835584 0.3164263 0 0
v 17.16051 0.04953453 19.44615 5 24 5 5 0.905745 0.09423972 0 0
v 17.44619 0.2243572 19.78552 5 24 5 5 0.9018082 0.09817655 0 0
v 17.47539 0.1832469 19.09782 5 5 5 5 1 0 0 0
v 17.68812 -0.3677061 19.8378 5 24 5 5 0.9019913 0.09799344 0 0
v 17.74878 -0.0006912351 19.79406 5 24 5 5 0.9472648 0.05271992 0 0
v 17.32779 -0.4373551 19.52363 5 24 5 5 0.9035019 0.0964828 0 0
v 17.0738 -0.20465 19.73395 5 24 5 5 0.829633 0.1703517 0 0
v 17.16051 0.04953453 19.44615 5 24 5 5 0.905745 0.09423972 0 0
v 17.20309 -0.20708 19.34569 5 24 5 5 0.9516442 0.04834058 0 0
v 17.32779 -0.4373551 19.52363 5 24 5 5 0.9035019 0.0964828 0 0
v 17.79936 -0.03632319 19.18571 5 5 5 5 1 0 0 0
v 17.7284 -0.4099544 19.1815 5 5 5 5 1 0 0 0
v 17.37271 -0.4922665 19.05742 5 5 5 5 1 0 0 0
v 17.37271 -0.4922665 19.05742 5 5 5 5 1 0 0 0
v 17.19955 0.02163121 18.96828 5 23 5 5 0.8442512 0.1557336 0 0
v 17.1956 -0.2464822 18.91496 5 23 5 5 0.8459449 0.1540398 0 0
v 17.19955 0.02163121 18.96828 5 23 5 5 0.8442512 0.1557336 0 0
v 17.73016 -0.3772404 18.5213 23 5 23 23 0.7985809 0.2014038 0 0
v 17.79466 -0.06554329 18.52408 23 5 23 23 0.8006867 0.1992981 0 0
v 17.50378 0.1713842 18.40203 23 5 23 23 0.8556954 0.1442893 0 0
v 17.4333 -0.4682224 18.59077 23 5 23 23 0.7983825 0.2016022 0 0
v 17.25986 -0.2385167 18.4756 23 5 23 23 0.7965972 0.2033875 0 0
v 17.4333 -0.4682224 18.59077 23 5 23 23 0.7983825 0.2016022 0 0
v 17.23213 0.02837139 18.52696 23 5 23 23 0.797528 0.2024567 0 0
v 17.73228 -0.3716432 18.20392 23 5 23 23 0.9420767 0.05790799 0 0
v 17.69389 -0.3336375 17.7878 23 23 23 23 1 0 0 0
v 17.70447 -0.1086604 17.88077 23 23 23 23 1 0 0 0
v 17.78451 -0.07950807 18.20769 23 5 23 23 0.9410086 0.05897612 0 0
v 17.26772 0.02305263 17.77462 23 23 23 23 1 0 0 0
v 17.25334 0.02508298 18.2099 23 5 23 23 0.9413291 0.05865568 0 0
v 17.5184 0.1623067 18.08463 23 23 23 23 1 0 0 0
v 17.26772 0.02305263 17.77462 23 23 23 23 1 0 0 0
v 17.17292 -0.2903984 17.701 23 23 23 23 1 0 0 0
v 17.22788 -0.2642321 18.15618 23 5 23 23 0.9416648 0.05831998 0 0
v 17.25334 0.02508298 18.2099 23 5 23 23 0.9413291 0.05865568 0 0
v 17.23213 0.02837139 18.52696 23 5 23 23 0.797528 0.2024567 0 0
v 17.45679 -0.4508132 18.27604 23 5 23 23 0.9412375 0.05874724 0 0
v 17.45679 -0.4508132 18.27604 23 5 23 23 0.9412375 0.05874724 0 0
v 17.44046 -0.4640305 17.81901 23 23 23 23 1 0 0 0
v 17.44046 -0.4640305 17.81901 23 23 23 23 1 0 0 0
v 17.60074 0.009946615 17.72658 23 23 23 23 1 0 0 0
v 17.57727 0.002439588 17.53678 23 23 23 23 1 0 0 0
v 17.53128 0.05664861 17.5272 23 23 23 23 1 0 0 0
v 17.54698 0.1017187 17.74905 23 23 23 23 1 0 0 0
v 17.66331 -0.1198905 17.79629 23 23 23 23 1 0 0 0
v 17.67603 -0.2653945 17.74027 23 23 23 23 1 0 0 0
v 17.62724 -0.3540066 17.572 23 23 23 23 1 0 0 0
v 17.63799 -0.2847915 17.55022 23 23 23 23 1 0 0 0
v 17.60556 -0.3003706 17.37189 23 23 23 23 1 0 0 0
v 17.61957 -0.2515255 17.41633 23 23 23 23 1 0 0 0
v 17.59147 -0.1460055 17.34606 23 23 23 23 1 0 0 0
v 17.57002 -0.1609775 17.25397 23 23 23 23 1 0 0 0
v 17.52183 -0.03331742 17.35448 23 23 23 23 1 0 0 0
v 17.56454 -0.06900543 17.39658 23 23 23 23 1 0 0 0
v 17.62691 -0.1357645 17.50174 23 23 23 23 1 0 0 0
v 17.43703 -0.4601166 17.59378 23 23 23 23 1 0 0 0
v 17.43703 -0.4601166 17.59378 23 23 23 23 1 0 0 0
v 17.19931 -0.2869615 17.4683 23 23 23 23 1 0 0 0
v 17.28628 0.01464266 17.56102 23 23 23 23 1 0 0 0
v 17.28628 0.01464266 17.56102 23 23 23 23 1 0 0 0
v 17.43409 -0.4304946 17.3737 23 23 23 23 1 0 0 0
v 17.32586 -0.2495375 17.26072 23 23 23 23 1 0 0 0
v 17.43409 -0.4304946 17.3737 23 23 23 23 1 0 0 0
v 17.32586 -0.2495375 17.26072 23 23 23 23 1 0 0 0
v 17.32076 -0.01230538 17.35412 23 23 23 23 1 0 0 0
v 17.32076 -0.01230538 17.35412 23 23 23 23 1 0 0 0
v -14.06355 -5.717282 52.39882 29 33 29 29 0.2198215 0.7801633 0 0
v -13.70874 -5.377058 52.44204 29 33 29 29 0.2198367 0.780148 0 0
v -13.75456 -5.772041 52.8445 33 33 33 33 1 0 0 0
v -14.12563 -6.046176 52.85894 33 33 33 33 1 0 0 0
v -13.82181 -4.982355 52.68653 29 33 29 29 0.2198672 0.7801175 0 0
v -13.85587 -5.374907 53.09466 33 33 33 33 1 0 0 0
v -14.26102 -4.926401 52.82676 29 33 29 29 0.2198215 0.7801633 0 0
v -14.29302 -5.35893 53.21022 33 33 33 33 1 0 0 0
v -14.48666 -5.304024 52.66906 29 33 29 29 0.2198215 0.7801633 0 0
v -14.44842 -5.714925 53.07755 33 33 33 33 1 0 0 0
v -14.35374 -5.839781 52.91742 33 33 33 33 1 0 0 0
v -14.3841 -5.494867 52.46048 29 33 29 29 0.2198825 0.7801023 0 0
v -14.48666 -5.304024 52.66906 29 33 29 29 0.2198215 0.7801633 0 0
v -14.44842 -5.714925 53.07755 33 33 33 33 1 0 0 0
v -13.95983 -4.696853 51.52842 29 29 29 29 1 0 0 0
v -13.73902 -4.392281 51.59369 29 29 29 29 1 0 0 0
v -14.44398 -4.23099 51.83086 29 29 29 29 1 0 0 0
v -14.18202 -3.933848 51.91114 29 29 29 29 1 0 0 0
v -14.44398 -4.23099 51.83086 29 29 29 29 1 0 0 0
v -14.37544 -4.478524 51.59942 29 29 29 29 1 0 0 0
v -13.85391 -4.056456 51.84681 29 29 29 29 1 0 0 0
v -14.02507 -3.644429 51.37934 29 29 29 29 1 0 0 0
v -13.84325 -3.709062 51.26793 29 29 29 29 1 0 0 0
v -13.87323 -3.643926 51.20089 29 29 29 29 1 0 0 0
v -14.08287 -3.607682 51.33813 29 29 29 29 1 0 0 0
v -13.81859 -3.937727 51.16307 29 29 29 29 1 0 0 0
v -13.79402 -3.88048 51.23475 29 29 29 29 1 0 0 0
v -13.7679 -4.123822 51.33574 29 29 29 29 1 0 0 0
v -13.7579 -4.228491 51.30818 29 29 29 29 1 0 0 0
v -13.76449 -4.267303 51.57576 29 29 29 29 1 0 0 0
v -13.87537 -4.002707 51.75018 29 29 29 29 1 0 0 0
v -14.09734 -3.891763 51.81812 29 29 29 29 1 0 0 0
v -14.09003 -3.770743 51.61261 29 29 29 29 1 0 0 0
v -14.16399 -3.750686 51.62804 29 29 29 29 1 0 0 0
v -13.88981 -3.884308 51.50439 29 29 29 29 1 0 0 0
v -14.20163 -4.005449 51.17283 29 29 29 29 1 0 0 0
v -13.885 -4.13737 51.07966 29 29 29 29 1 0 0 0
v -13.87545 -4.410576 51.28251 29 29 29 29 1 0 0 0
v -14.3126 -4.294069 51.38068 29 29 29 29 1 0 0 0
v -14.37493 -3.995972 51.58557 29 29 29 29 1 0 0 0
v -14.37493 -3.995972 51.58557 29 29 29 29 1 0 0 0
v -14.20163 -4.005449 51.17283 29 29 29 29 1 0 0 0
v -14.26076 -3.808662 51.34039 29 29 29 29 1 0 0 0
v -14.26076 -3.808662 51.34039 29 29 29 29 1 0 0 0
v -14.03642 -7.200618 54.46031 32 32 32 32 1 0 0 0
v -14.16986 -6.178496 53.04888 33 33 33 33 1 0 0 0
v -13.82167 -5.97605 53.22752 33 33 33 33 1 0 0 0
v -13.85468 -6.952008 54.66396 32 32 32 32 1 0 0 0
v -14.35842 -6.952824 54.15372 32 32 32 32 1 0 0 0
v -14.54692 -6.741638 54.2305 32 32 32 32 1 0 0 0
v -14.40854 -5.92901 53.03902 33 33 33 33 1 0 0 0
v -13.90816 -5.610039 53.51466 33 33 33 33 1 0 0 0
v -13.93454 -6.540693 54.95548 32 32 32 32 1 0 0 0
v -14.60425 -6.507756 54.41748 32 32 32 32 1 0 0 0
v -14.48662 -5.787655 53.19392 33 33 33 33 1 0 0 0
v -14.60425 -6.507756 54.41748 32 32 32 32 1 0 0 0
v -14.53266 -6.368033 55.02773 32 32 32 32 1 0 0 0
v -14.3816 -5.552931 53.51102 33 33 33 33 1 0 0 0
v -14.48662 -5.787655 53.19392 33 33 33 33 1 0 0 0
v -17.24535 -0.3255715 52.68973 30 12 30 30 0.7799497 0.2200351 0 0
v -17.21593 -0.6220717 52.62101 12 12 12 12 1 0 0 0
v -17.63705 -0.1696182 53.44162 30 30 30 30 1 0 0 0
v -17.61939 -0.2366465 52.54967 30 12 30 30 0.7800717 0.219913 0 0
v -17.71286 0.271136 53.52866 30 30 30 30 1 0 0 0
v -17.70819 0.1729766 52.62856 30 12 30 30 0.780087 0.2198978 0 0
v -16.93576 -0.1827148 53.05717 12 12 12 12 1 0 0 0
v -17.01163 -0.1645678 52.60227 12 12 12 12 1 0 0 0
v -17.36659 0.3259077 53.20827 30 12 30 30 0.5999085 0.4000763 0 0
v -17.29983 0.1142452 53.50428 12 12 12 12 1 0 0 0
v -17.65279 -0.06366575 53.54219 12 12 12 12 1 0 0 0
v -17.02131 -0.4536998 52.57895 12 12 12 12 1 0 0 0
v -17.21593 -0.6220717 52.62101 12 12 12 12 1 0 0 0
v -17.24535 -0.3255715 52.68973 30 12 30 30 0.7799497 0.2200351 0 0
v -17.07211 -0.1641247 52.71811 30 12 30 30 0.7795072 0.2204776 0 0
v -17.01163 -0.1645678 52.60227 12 12 12 12 1 0 0 0
v -17.06459 0.1325326 52.71143 30 12 30 30 0.7798123 0.2201724 0 0
v -17.58734 -0.1775854 52.41408 30 30 30 30 1 0 0 0
v -17.21639 -0.2853523 52.55017 30 30 30 30 1 0 0 0
v -17.69216 0.2262739 52.49054 30 30 30 30 1 0 0 0
v -17.0272 0.2224822 52.56992 30 30 30 30 1 0 0 0
v -17.43029 0.4527792 52.47028 30 30 30 30 1 0 0 0
v -17.43374 0.3837109 52.60793 30 12 30 30 0.7799344 0.2200503 0 0
v -17.06459 0.1325326 52.71143 30 12 30 30 0.7798123 0.2201724 0 0
v -17.21639 -0.2853523 52.55017 30 30 30 30 1 0 0 0
v -17.02395 -0.09740901 52.57677 30 30 30 30 1 0 0 0
v -17.0272 0.2224822 52.56992 30 30 30 30 1 0 0 0
v -17.18589 -0.6712037 53.11452 12 12 12 12 1 0 0 0
v -17.63284 -0.4868447 53.44899 12 12 12 12 1 0 0 0
v -17.52669 -0.07054722 51.9552 30 30 30 30 1 0 0 0
v -17.52342 -0.2050723 52.04456 30 30 30 30 1 0 0 0
v -17.59733 0.1575799 52.08377 30 30 30 30 1 0 0 0
v -17.54588 0.141741 52.02447 30 30 30 30 1 0 0 0
v -17.49062 -0.09559524 51.8173 30 30 30 30 1 0 0 0
v -17.45845 -0.2329403 51.85585 30 30 30 30 1 0 0 0
v -17.45046 -0.09320819 51.68818 30 30 30 30 1 0 0 0
v -17.41862 -0.1671963 51.58965 30 30 30 30 1 0 0 0
v -17.44454 0.07762098 51.5962 30 30 30 30 1 0 0 0
v -17.40987 0.06605983 51.49398 30 30 30 30 1 0 0 0
v -17.38075 0.2361161 51.67902 30 30 30 30 1 0 0 0
v -17.31921 0.274165 51.58697 30 30 30 30 1 0 0 0
v -17.40041 0.2849441 51.83504 30 30 30 30 1 0 0 0
v -17.33319 0.3450122 51.84139 30 30 30 30 1 0 0 0
v -17.47319 0.2834691 51.96739 30 30 30 30 1 0 0 0
v -17.38678 0.3917131 52.04986 30 30 30 30 1 0 0 0
v -17.23774 -0.2967483 51.88592 30 30 30 30 1 0 0 0
v -16.98302 -0.05296409 51.82549 30 30 30 30 1 0 0 0
v -16.97206 -0.07711709 52.08089 30 30 30 30 1 0 0 0
v -17.22516 -0.3030924 52.10904 30 30 30 30 1 0 0 0
v -17.25807 -0.2568684 51.6681 30 30 30 30 1 0 0 0
v -17.23774 -0.2967483 51.88592 30 30 30 30 1 0 0 0
v -17.49235 0.1084141 51.76786 30 30 30 30 1 0 0 0
v -17.03697 0.2391021 51.88601 30 30 30 30 1 0 0 0
v -17.01941 0.2413331 52.11454 30 30 30 30 1 0 0 0
v -17.03697 0.2391021 51.88601 30 30 30 30 1 0 0 0
v -17.01941 0.2413331 52.11454 30 30 30 30 1 0 0 0
v -17.25807 -0.2568684 51.6681 30 30 30 30 1 0 0 0
v -17.08269 0.0008900166 51.58914 30 30 30 30 1 0 0 0
v -17.22516 -0.3030924 52.10904 30 30 30 30 1 0 0 0
v -17.07766 0.2180551 51.66313 30 30 30 30 1 0 0 0
v -17.08269 0.0008900166 51.58914 30 30 30 30 1 0 0 0
v -17.07766 0.2180551 51.66313 30 30 30 30 1 0 0 0
v -16.86391 0.01719546 52.242 22 34 22 22 0.4604868 0.539498 0 0
v -16.62522 -0.2750266 52.36087 22 34 22 22 0.4605631 0.5394217 0 0
v -16.61977 -0.2261271 51.90398 34 34 34 34 1 0 0 0
v -16.84721 0.0389297 51.84748 34 34 34 34 1 0 0 0
v -17.22098 -0.5162811 52.13311 22 34 22 22 0.7402304 0.2597543 0 0
v -17.19467 -0.150331 52.14697 22 34 22 22 0.7402151 0.2597696 0 0
v -17.14739 -0.1173613 51.88737 34 34 34 34 1 0 0 0
v -17.1895 -0.4276793 51.80835 34 34 34 34 1 0 0 0
v -16.83252 -0.7449539 52.50974 22 22 22 22 1 0 0 0
v -16.85524 -0.6644006 52.29449 22 34 22 22 0.4605783 0.5394064 0 0
v -16.68474 -0.5278285 52.30824 22 34 22 22 0.4604563 0.5395285 0 0
v -16.65217 -0.6066799 52.52124 22 22 22 22 1 0 0 0
v -16.62522 -0.2750266 52.36087 22 34 22 22 0.4605631 0.5394217 0 0
v -16.58775 -0.3387156 52.57761 22 22 22 22 1 0 0 0
v -16.85107 -0.03974128 52.46326 22 22 22 22 1 0 0 0
v -16.58775 -0.3387156 52.57761 22 22 22 22 1 0 0 0
v -17.21934 -0.5627031 52.39201 22 22 22 22 1 0 0 0
v -16.85524 -0.6644006 52.29449 22 34 22 22 0.4605783 0.5394064 0 0
v -16.83252 -0.7449539 52.50974 22 22 22 22 1 0 0 0
v -17.19802 -0.1910853 52.40937 22 22 22 22 1 0 0 0
v -16.88085 -0.599818 51.90165 34 34 34 34 1 0 0 0
v -16.65854 -0.4733911 51.89528 34 34 34 34 1 0 0 0
v -16.61977 -0.2261271 51.90398 34 34 34 34 1 0 0 0
v -16.88085 -0.599818 51.90165 34 34 34 34 1 0 0 0
v -17.15643 -0.3072064 51.71356 34 34 34 34 1 0 0 0
v -17.12219 -0.1228733 51.81872 34 34 34 34 1 0 0 0
v -17.15088 -0.3345623 51.57956 34 34 34 34 1 0 0 0
v -17.14631 -0.4265854 51.58844 34 34 34 34 1 0 0 0
v -17.1252 -0.3081527 51.4147 34 34 34 34 1 0 0 0
v -17.09806 -0.3711095 51.37598 34 34 34 34 1 0 0 0
v -17.01946 -0.1509233 51.24114 34 34 34 34 1 0 0 0
v -17.06086 -0.1185334 51.34775 34 34 34 34 1 0 0 0
v -16.93988 -0.03439045 51.42197 34 34 34 34 1 0 0 0
v -16.8436 -0.02994728 51.37119 34 34 34 34 1 0 0 0
v -16.92617 0.006166697 51.5979 34 34 34 34 1 0 0 0
v -16.81653 0.01448059 51.60732 34 34 34 34 1 0 0 0
v -16.96592 -0.02339411 51.74548 34 34 34 34 1 0 0 0
v -16.89548 -0.5795531 51.67075 34 34 34 34 1 0 0 0
v -16.6831 -0.4412351 51.65582 34 34 34 34 1 0 0 0
v -16.64047 -0.2222381 51.63932 34 34 34 34 1 0 0 0
v -16.90959 -0.5178974 51.44921 34 34 34 34 1 0 0 0
v -16.89548 -0.5795531 51.67075 34 34 34 34 1 0 0 0
v -17.089 -0.1142373 51.52822 34 34 34 34 1 0 0 0
v -16.64047 -0.2222381 51.63932 34 34 34 34 1 0 0 0
v -16.90959 -0.5178974 51.44921 34 34 34 34 1 0 0 0
v -16.73982 -0.3886843 51.42514 34 34 34 34 1 0 0 0
v -16.73261 -0.2373574 51.38796 34 34 34 34 1 0 0 0
v -16.73261 -0.2373574 51.38796 34 34 34 34 1 0 0 0
v -16.73982 -0.3886843 51.42514 34 34 34 34 1 0 0 0
v -17.40323 2.900601 52.94425 36 36 36 36 1 0 0 0
v -17.37809 2.860024 52.85202 28 36 28 28 0.239704 0.7602808 0 0
v -17.23527 2.627244 53.00034 28 36 28 28 0.239704 0.7602808 0 0
v -17.27528 2.668047 53.13978 36 36 36 36 1 0 0 0
v -17.32746 2.851802 53.07326 28 28 28 28 1 0 0 0
v -17.26874 3.073677 52.66754 36 36 36 36 1 0 0 0
v -17.2389 3.087802 53.01387 28 28 28 28 1 0 0 0
v -16.95204 2.660726 53.2299 28 28 28 28 1 0 0 0
v -16.96168 2.617006 52.85154 36 36 36 36 1 0 0 0
v -17.19711 2.613807 53.17147 28 28 28 28 1 0 0 0
v -16.80633 2.827211 52.77042 36 36 36 36 1 0 0 0
v -16.96168 2.617006 52.85154 36 36 36 36 1 0 0 0
v -16.95204 2.660726 53.2299 28 28 28 28 1 0 0 0
v -16.81622 2.840754 53.18559 28 28 28 28 1 0 0 0
v -16.88658 3.083363 52.7709 36 36 36 36 1 0 0 0
v -16.89472 3.084252 53.17576 28 28 28 28 1 0 0 0
v -17.29293 3.109409 52.91877 36 36 36 36 1 0 0 0
v -16.97903 2.64556 53.0657 36 36 36 36 1 0 0 0
v -16.89472 3.084252 53.17576 28 28 28 28 1 0 0 0
v -17.05719 2.598506 52.241 28 28 28 28 1 0 0 0
v -17.08066 2.744079 52.18295 28 28 28 28 1 0 0 0
v -16.8344 2.707549 52.26954 28 28 28 28 1 0 0 0
v -16.92091 2.570959 52.27591 28 28 28 28 1 0 0 0
v -17.10164 2.874567 52.56977 28 28 28 28 1 0 0 0
v -17.08727 2.95523 52.59372 28 28 28 28 1 0 0 0
v -17.05078 2.901811 52.37292 28 28 28 28 1 0 0 0
v -17.08752 2.859726 52.40919 28 28 28 28 1 0 0 0
v -17.19404 2.792325 52.64717 28 28 28 28 1 0 0 0
v -17.20522 2.806177 52.70559 28 28 28 28 1 0 0 0
v -17.1267 2.658287 52.6164 28 28 28 28 1 0 0 0
v -17.12935 2.590087 52.65815 28 28 28 28 1 0 0 0
v -17.10776 2.63409 52.41371 28 28 28 28 1 0 0 0
v -17.08536 2.563599 52.3913 28 28 28 28 1 0 0 0
v -17.08748 2.648636 52.28972 28 28 28 28 1 0 0 0
v -17.10089 2.746969 52.27268 28 28 28 28 1 0 0 0
v -17.07779 2.831519 52.28772 28 28 28 28 1 0 0 0
v -17.042 2.876963 52.24388 28 28 28 28 1 0 0 0
v -16.907 2.549365 52.44068 28 28 28 28 1 0 0 0
v -17.11141 2.7599 52.38153 28 28 28 28 1 0 0 0
v -16.81373 2.931041 52.4561 28 28 28 28 1 0 0 0
v -16.82813 2.963258 52.60056 28 28 28 28 1 0 0 0
v -16.77332 2.710717 52.42538 28 28 28 28 1 0 0 0
v -16.75999 2.726521 52.58738 28 28 28 28 1 0 0 0
v -16.90505 2.557662 52.60867 28 28 28 28 1 0 0 0
v -16.907 2.549365 52.44068 28 28 28 28 1 0 0 0
v -16.81373 2.931041 52.4561 28 28 28 28 1 0 0 0
v -16.82813 2.963258 52.60056 28 28 28 28 1 0 0 0
v -16.90505 2.557662 52.60867 28 28 28 28 1 0 0 0
v -16.86247 3.029913 52.88384 28 28 28 28 1 0 0 0
v -17.1792 3.01699 52.73141 28 28 28 28 1 0 0 0
v -16.79886 2.779524 52.895 28 28 28 28 1 0 0 0
v -16.92345 2.608999 52.93585 28 28 28 28 1 0 0 0
v -16.86247 3.029913 52.88384 28 28 28 28 1 0 0 0
v -17.26346 2.804814 52.78789 28 28 28 28 1 0 0 0
v -17.15026 2.590816 52.87853 28 28 28 28 1 0 0 0
v -16.92345 2.608999 52.93585 28 28 28 28 1 0 0 0
v -16.8184 2.875869 52.31932 28 28 28 28 1 0 0 0
v -16.92091 2.570959 52.27591 28 28 28 28 1 0 0 0
v -16.8344 2.707549 52.26954 28 28 28 28 1 0 0 0
v -16.8184 2.875869 52.31932 28 28 28 28 1 0 0 0
v -16.88658 3.083363 52.7709 36 36 36 36 1 0 0 0
v -16.80111 -0.9312205 53.45241 27 27 27 27 1 0 0 0
v -16.31768 -0.7347047 53.27631 27 20 27 27 0.8798047 0.1201801 0 0
v -16.64603 -0.3634298 53.04255 22 27 22 22 0.3799039 0.6200809 0 0
v -16.34088 -0.6864889 52.9325 22 27 22 22 0.3798886 0.6200961 0 0
v -16.49632 -0.3772936 52.87772 22 22 22 22 1 0 0 0
v -16.7883 -0.05768943 52.87357 22 22 22 22 1 0 0 0
v -16.73131 -0.2025211 53.0306 22 27 22 22 0.6997177 0.300267 0 0
v -16.45805 -0.4290557 53.18646 22 22 22 22 1 0 0 0
v -17.15021 -0.2599275 52.876 22 22 22 22 1 0 0 0
v -17.09194 -0.4698136 52.99131 22 27 22 22 0.5797665 0.4202182 0 0
v -16.43898 -0.9744744 52.82248 22 27 22 22 0.3798886 0.6200961 0 0
v -16.55609 -0.6973488 53.0952 22 22 22 22 1 0 0 0
v -16.45805 -0.4290557 53.18646 22 22 22 22 1 0 0 0
v -16.34088 -0.6864889 52.9325 22 27 22 22 0.3798886 0.6200961 0 0
v -16.7316 -0.9029632 53.13431 22 22 22 22 1 0 0 0
v -16.65172 -1.188446 52.87159 22 27 22 22 0.379797 0.6201877 0 0
v -17.03075 -0.919596 53.00333 22 27 22 22 0.3398947 0.66009 0 0
v -17.10497 -0.7862239 52.92208 22 27 22 22 0.5798123 0.4201724 0 0
v -16.7316 -0.9029632 53.13431 22 22 22 22 1 0 0 0
v -16.65172 -1.188446 52.87159 22 27 22 22 0.379797 0.6201877 0 0
v -16.99818 -0.6310971 53.06465 22 27 22 22 0.33991 0.6600748 0 0
v -16.79031 -1.268009 53.41722 27 27 27 27 1 0 0 0
v -16.18815 -1.311274 52.99667 27 27 27 27 1 0 0 0
v -16.10515 -0.9914448 53.11472 27 27 27 27 1 0 0 0
v -16.45019 -1.539548 53.0034 27 27 27 27 1 0 0 0
v -16.77271 -0.848937 52.81884 22 22 22 22 1 0 0 0
v -17.15825 -0.6048307 52.83146 22 22 22 22 1 0 0 0
v -16.45019 -1.539548 53.0034 27 27 27 27 1 0 0 0
v -16.56423 -0.6781948 52.79694 22 22 22 22 1 0 0 0
v -16.77271 -0.848937 52.81884 22 22 22 22 1 0 0 0
v -16.49632 -0.3772936 52.87772 22 22 22 22 1 0 0 0
v -16.10515 -0.9914448 53.11472 27 27 27 27 1 0 0 0
v -16.79239 -1.321794 52.97808 25 20 25 25 0.8198367 0.180148 0 0
v -17.2954 -0.76405 53.71784 25 25 25 25 1 0 0 0
v -17.5697 -0.5604168 53.31183 12 25 12 12 0.4198825 0.5801023 0 0
v -17.0976 -0.7995059 52.95333 12 25 12 12 0.419913 0.5800717 0 0
v -17.5955 -0.1453258 53.40776 12 25 12 12 0.4198825 0.5801023 0 0
v -17.23974 0.01221538 53.36835 12 25 12 12 0.4198672 0.5801175 0 0
v -16.84293 -0.227074 53.20197 12 25 12 12 0.8197147 0.1802701 0 0
v -16.89372 -0.5334249 53.14555 12 25 12 12 0.8196079 0.1803769 0 0
v -16.9951 -0.4729408 53.00883 12 12 12 12 1 0 0 0
v -16.93576 -0.1827148 53.05717 12 12 12 12 1 0 0 0
v -16.84293 -0.227074 53.20197 12 25 12 12 0.8197147 0.1802701 0 0
v -17.18589 -0.6712037 53.11452 12 12 12 12 1 0 0 0
v -17.0976 -0.7995059 52.95333 12 25 12 12 0.419913 0.5800717 0 0
v -17.32702 -0.3530477 53.7823 25 25 25 25 1 0 0 0
v -17.006 -0.1742949 53.73929 25 25 25 25 1 0 0 0
v -16.56026 -0.33267 53.29341 25 25 25 25 1 0 0 0
v -16.56026 -0.33267 53.29341 25 25 25 25 1 0 0 0
v -16.56454 -0.7333012 53.17643 25 25 25 25 1 0 0 0
v -16.79239 -1.321794 52.97808 25 20 25 25 0.8198367 0.180148 0 0
v -14.2685 -2.279768 52.07127 26 26 26 26 1 0 0 0
v -14.19788 -2.333209 52.73969 26 26 26 26 1 0 0 0
v -14.18838 -2.631735 52.35679 26 8 26 26 0.9813992 0.01858549 0 0
v -14.36543 -1.896955 52.53223 26 26 26 26 1 0 0 0
v -15.03803 -1.783307 52.68984 26 8 26 26 0.9799802 0.02000458 0 0
v -14.7887 -1.986339 53.03052 26 8 26 26 0.967361 0.03262379 0 0
v -14.32852 -2.070912 52.89515 26 26 26 26 1 0 0 0
v -15.39796 -1.918031 52.75814 26 8 26 26 0.9790494 0.02093538 0 0
v -15.16609 -2.172004 53.11253 26 8 26 26 0.9480278 0.05195697 0 0
v -15.80379 -2.332258 52.66025 26 26 26 26 1 0 0 0
v -15.42585 -2.546197 53.14061 26 8 26 26 0.9358358 0.06414893 0 0
v -15.97611 -2.890118 52.51746 26 26 26 26 1 0 0 0
v -15.58069 -3.065905 53.04857 26 8 26 26 0.934905 0.06507973 0 0
v -15.62198 -3.565542 52.76125 26 8 26 26 0.9412528 0.05873198 0 0
v -15.89831 -3.488626 52.32024 26 8 26 26 0.9784695 0.02151522 0 0
v -15.36391 -3.977546 52.7948 26 8 26 26 0.9397269 0.06025788 0 0
v -15.28455 -3.997882 52.3997 26 8 26 26 0.9726406 0.02734417 0 0
v -15.01124 -4.133412 52.74113 26 8 26 26 0.950927 0.04905776 0 0
v -15.61325 -3.809413 52.39557 26 8 26 26 0.9830015 0.01698329 0 0
v -14.86277 -3.90169 52.22321 26 26 26 26 1 0 0 0
v -15.77642 -3.700736 52.19528 26 26 26 26 1 0 0 0
v -14.79764 -1.628045 52.44028 26 26 26 26 1 0 0 0
v -13.86864 -2.844445 52.81772 26 8 26 26 0.8359808 0.164004 0 0
v -13.90407 -2.53802 53.10291 26 8 26 26 0.8311132 0.1688716 0 0
v -13.93361 -3.185013 52.7169 26 8 26 26 0.8772259 0.1227588 0 0
v -14.34408 -3.001027 52.14808 26 26 26 26 1 0 0 0
v -14.00691 -3.481284 52.6164 26 8 26 26 0.8580759 0.1419089 0 0
v -14.46447 -3.278998 52.10809 26 26 26 26 1 0 0 0
v -14.81174 -2.316396 53.52415 26 8 26 26 0.7729763 0.2270085 0 0
v -15.07419 -2.704339 53.56123 26 8 26 26 0.7637904 0.2361944 0 0
v -14.45177 -2.145503 53.40247 26 8 26 26 0.7752956 0.2246891 0 0
v -15.07477 -3.875819 53.10215 26 8 26 26 0.7393911 0.2605936 0 0
v -14.79259 -4.171227 53.04935 26 8 26 26 0.7882048 0.21178 0 0
v -14.40741 -4.028216 52.62946 26 8 26 26 0.8196079 0.1803769 0 0
v -14.61425 -3.591219 52.13737 26 26 26 26 1 0 0 0
v -14.46447 -3.278998 52.10809 26 26 26 26 1 0 0 0
v -14.00691 -3.481284 52.6164 26 8 26 26 0.8580759 0.1419089 0 0
v -14.14518 -3.793567 52.66506 26 8 26 26 0.8771496 0.1228351 0 0
v -15.23671 -3.224141 53.45217 26 8 26 26 0.7641718 0.2358129 0 0
v -14.05926 -2.298398 53.29163 26 8 26 26 0.8349737 0.1650111 0 0
v -14.51363 -2.627101 51.89066 20 26 20 20 0.05139239 0.9485924 0 0
v -16.06283 -3.543105 53.10099 20 26 20 20 0.3081865 0.6917983 0 0
v -15.86904 -3.843409 52.67057 20 26 20 20 0.2198367 0.7801633 0 0
v -15.3567 -1.614158 52.56673 20 26 20 20 0.03491264 0.9650721 0 0
v -15.58944 -1.801463 52.62215 20 26 20 20 0.04495308 0.9550316 0 0
v -15.61281 -3.881653 52.16118 20 26 20 20 0.04344244 0.9565423 0 0
v -15.12487 -3.887033 52.44379 20 26 35 20 0.1803616 0.7909361 0.02868696 0
v -15.75859 -1.279918 54.16723 20 20 20 20 1 0 0 0
v -15.52222 -1.278516 54.16029 20 26 20 20 0.9096513 0.09033341 0 0
v -15.38571 -4.656903 54.76134 32 20 32 32 0.659556 0.3404288 0 0
v -14.18925 -7.873178 54.72898 32 32 32 32 1 0 0 0
v -14.66362 -4.278777 53.46812 32 20 26 32 0.2799725 0.5848478 0.1351644 0
v -14.60789 -7.817381 54.35155 32 32 32 32 1 0 0 0
v -15.37161 -1.485348 53.48692 20 26 20 20 0.4980545 0.5019302 0 0
v -15.20048 -1.447329 53.17583 20 26 20 20 0.357763 0.6422217 0 0
v -15.06932 -2.219062 53.90695 32 20 26 32 0.159884 0.4746929 0.3654078 0
v -15.3611 -1.394797 53.81088 20 26 20 20 0.6749828 0.3250019 0 0
v -14.18663 -6.087814 53.85301 32 20 26 32 0.6397955 0.04600595 0.3141833 0
v -13.93592 -7.55827 55.02142 32 32 32 32 1 0 0 0
v -13.95089 -7.754684 55.54762 32 32 32 32 1 0 0 0
v -14.20792 -3.920512 52.62674 32 26 32 32 0.2608377 0.739147 0 0
v -14.30409 -4.985291 54.47179 32 26 32 32 0.5599756 0.4400091 0 0
v -14.76602 -2.582193 53.06824 32 20 26 32 0.1998016 0.02909895 0.7710689 0
v -14.64336 -3.956031 54.00527 32 20 26 32 0.4798047 0.06468299 0.4554818 0
v -14.19083 -6.036579 55.0439 32 26 32 32 0.7871367 0.2128481 0 0
v -14.54217 -4.309654 52.8394 32 20 26 32 0.2798352 0.2454871 0.4746471 0
v -14.09351 -7.028616 55.51801 32 32 32 32 1 0 0 0
v -14.68017 -5.698862 55.3933 32 20 32 32 0.8200046 0.1799802 0 0
v -15.01714 -3.998032 53.30373 32 20 26 32 0.2200198 0.6483406 0.1316243 0
v -15.03672 -3.496618 53.38768 32 20 26 32 0.2200503 0.7515221 0.02839704 0
v -14.88303 -7.07261 54.28255 32 32 32 32 1 0 0 0
v -14.40173 -7.440061 54.32195 32 32 32 32 1 0 0 0
v -15.31989 -3.745399 55.02485 32 20 32 32 0.4396735 0.5603113 0 0
v -14.97343 -5.723068 55.30919 32 20 32 32 0.8197452 0.1802396 0 0
v -14.47005 -2.911553 51.89495 32 20 26 32 0.03996338 0.119173 0.8408484 0
v -14.7289 -2.90941 51.86303 20 26 20 20 0.2045319 0.7954528 0 0
v -15.52796 -2.489666 52.8204 20 26 20 20 0.9154497 0.08453498 0 0
v -15.49942 -2.084972 53.02088 20 20 20 20 1 0 0 0
v -15.24826 -4.049901 53.53329 32 20 32 32 0.3400168 0.659968 0 0
v -14.7278 -2.847627 51.90832 20 26 20 20 0.09721523 0.9027695 0 0
v -15.24826 -4.049901 53.53329 32 20 32 32 0.3400168 0.659968 0 0
v -13.97369 -7.425958 55.69991 32 32 32 32 1 0 0 0
v -14.11006 -3.893083 53.30581 32 26 32 32 0.3198138 0.6801709 0 0
v -15.72344 -1.153898 53.9011 20 20 20 20 1 0 0 0
v -15.26292 -4.677444 53.48461 32 20 26 37 0.3327687 0.5359426 0.1105516 0.02070649
v -15.41086 -3.480505 53.70924 20 26 37 20 0.7000076 0.01658656 0.2833906 0
v -15.56634 -2.953528 53.15649 20 26 37 20 0.9151751 0.02975509 0.05503929 0
v -15.29072 -3.979264 54.29907 32 20 32 32 0.5400473 0.4599374 0 0
v -15.59956 -1.109835 53.5592 20 20 20 20 1 0 0 0
v -14.88896 -3.881786 52.77899 32 20 26 37 0.1576257 0.3891966 0.4388953 0.01425193
v -15.15051 -3.151992 52.56926 20 26 37 20 0.4589151 0.4858778 0.05519188 0
v -15.26292 -4.677444 53.48461 32 20 26 37 0.3327687 0.5359426 0.1105516 0.02070649
v -15.15051 -3.151992 52.56926 20 26 37 20 0.4589151 0.4858778 0.05519188 0
v -14.81673 -6.480816 54.98342 32 32 32 32 1 0 0 0
v -14.95677 -3.252254 52.6244 20 26 37 20 0.4230106 0.558526 0.01844816 0
v -15.11403 -4.273943 53.94637 32 20 32 32 0.5399863 0.4599985 0 0
v -15.42153 -1.448567 53.25736 20 20 20 20 1 0 0 0
v -14.8405 -6.60306 54.47317 32 32 32 32 1 0 0 0
v -14.69981 -6.913317 54.29364 32 32 32 32 1 0 0 0
v -15.11403 -4.273943 53.94637 32 20 32 32 0.5399863 0.4599985 0 0
v -14.8405 -6.60306 54.47317 32 32 32 32 1 0 0 0
v -15.42153 -1.448567 53.25736 20 20 20 20 1 0 0 0
v -15.11403 -4.273943 53.94637 32 20 32 32 0.5399863 0.4599985 0 0
v -13.89717 -7.295965 55.259 32 32 32 32 1 0 0 0
v -14.39712 -7.216925 54.28442 32 32 32 32 1 0 0 0
v -16.76302 3.095165 53.30169 36 10 37 36 0.2539406 0.722118 0.02392615 0
v -16.83433 3.221709 53.21494 36 10 36 36 0.9191729 0.08081178 0 0
v -17.2796 3.170979 53.14361 36 10 36 36 0.7400168 0.259968 0 0
v -17.13027 3.357891 53.80167 36 10 36 36 0.9190509 0.08093385 0 0
v -16.69794 2.713329 53.36404 10 38 37 10 0.8880445 0.05665675 0.05528343 0
v -17.09164 3.365252 53.8131 10 10 10 10 1 0 0 0
v -16.68079 2.765609 53.4007 36 10 37 36 0.4080568 0.5650569 0.02687114 0
v -16.7637 2.929844 53.20397 36 10 36 36 0.9197223 0.08026245 0 0
v -16.83433 3.221709 53.21494 36 10 36 36 0.9191729 0.08081178 0 0
v -16.76302 3.095165 53.30169 36 10 37 36 0.2539406 0.722118 0.02392615 0
v -16.79718 2.744166 53.49845 10 10 10 10 1 0 0 0
v -16.93913 2.694882 53.34926 36 36 36 36 1 0 0 0
v -16.69794 2.713329 53.36404 10 38 37 10 0.8880445 0.05665675 0.05528343 0
v -16.64027 2.616716 53.45975 10 37 10 10 0.9478905 0.0520943 0 0
v -17.40077 2.950514 53.1154 36 10 36 36 0.4801404 0.5198444 0 0
v -17.25959 2.693555 53.30928 36 10 36 36 0.4801251 0.5198596 0 0
v -16.8922 3.123382 52.96492 36 36 36 36 1 0 0 0
v -16.93913 2.694882 53.34926 36 36 36 36 1 0 0 0
v -16.81543 2.875076 52.94976 36 36 36 36 1 0 0 0
v -16.8922 3.123382 52.96492 36 36 36 36 1 0 0 0
v -16.97903 2.64556 53.0657 36 36 36 36 1 0 0 0
v -17.29447 3.133548 53.91733 36 10 36 36 0.9185016 0.08148318 0 0
v -17.2369 3.143877 53.91345 10 10 10 10 1 0 0 0
v -17.03894 2.821669 53.90639 10 10 10 10 1 0 0 0
v -17.09546 2.80547 53.90392 36 10 36 36 0.7191272 0.2808576 0 0
v -16.75672 2.788185 53.62689 10 10 10 10 1 0 0 0
v -16.79718 2.744166 53.49845 10 10 10 10 1 0 0 0
v -16.32426 -1.722861 52.73648 27 20 27 27 0.6598459 0.3401389 0 0
v -16.12024 -1.375507 53.12939 27 27 27 27 1 0 0 0
v -15.8726 -1.5545 53.06222 27 20 27 27 0.7598993 0.2400855 0 0
v -16.73213 -1.379146 53.55468 27 20 27 27 0.9497978 0.05018692 0 0
v -16.32426 -1.722861 52.73648 27 20 27 27 0.6598459 0.3401389 0 0
v -16.59094 -1.518217 53.63272 20 20 20 20 1 0 0 0
v -16.66047 -1.416745 53.32821 20 27 20 20 0.8999923 0.09999237 0 0
v -16.959 -1.935112 53.19299 20 20 20 20 1 0 0 0
v -16.01043 -1.09568 53.33319 27 27 27 27 1 0 0 0
v -15.81144 -1.215576 53.34459 27 20 27 27 0.7996643 0.2003204 0 0
v -16.73903 -0.9941123 53.60121 27 20 27 27 0.9497826 0.05020218 0 0
v -16.23448 -0.7979314 53.30326 27 20 27 27 0.6998093 0.3001755 0 0
v -16.01043 -1.09568 53.33319 27 27 27 27 1 0 0 0
v -15.81144 -1.215576 53.34459 27 20 27 27 0.7996643 0.2003204 0 0
v -16.10424 -0.8893712 53.34553 27 20 27 27 0.4597085 0.5402762 0 0
v -16.72494 -1.516756 53.46288 27 20 27 27 0.5094835 0.4905013 0 0
v -16.66084 -1.080564 53.56408 27 20 27 27 0.6595407 0.340444 0 0
v -16.5323 -1.346321 53.62445 20 20 20 20 1 0 0 0
v -16.60377 -1.220174 53.3534 20 27 20 20 0.8999923 0.09999237 0 0
v -16.36207 -1.26716 53.60203 20 20 20 20 1 0 0 0
v -16.43425 -1.128739 53.24903 20 20 20 20 1 0 0 0
v -15.76396 -1.9449 52.85947 27 25 20 27 0.09596399 0.1999237 0.704097 0
v -15.61312 -1.419506 53.24477 27 20 27 27 0.2597848 0.7401999 0 0
v -15.87841 -1.022733 53.31759 20 20 20 20 1 0 0 0
v -15.61312 -1.419506 53.24477 27 20 27 27 0.2597848 0.7401999 0 0
v -15.72935 -1.726398 52.97617 27 20 27 27 0.499855 0.5001297 0 0
v -16.56318 -1.800674 52.88567 27 20 27 27 0.2799115 0.7200732 0 0
v -15.93417 -1.53783 52.90804 27 25 20 27 0.2448005 0.3198901 0.4352941 0
v -16.88063 -1.408605 53.24794 20 25 20 20 0.7499962 0.2499886 0 0
v -16.4491 -0.6433797 53.23724 25 20 25 25 0.8397498 0.160235 0 0
v -16.4491 -0.6433797 53.23724 25 20 25 25 0.8397498 0.160235 0 0
v -16.93938 -0.585777 53.6152 25 20 25 25 0.7696803 0.2303044 0 0
v -16.10878 -1.95389 52.77887 25 20 37 25 0.4129244 0.5704128 0.01663233 0
v -15.9312 -2.414967 52.97913 25 20 37 25 0.2274205 0.7204089 0.05214008 0
v -15.60161 -1.635029 53.62309 20 26 20 20 0.5286793 0.4713054 0 0
v -15.88418 -1.835371 53.91844 20 26 20 20 0.6363317 0.363653 0 0
v -16.12305 -1.719871 54.14249 20 26 20 20 0.8529946 0.1469902 0 0
v -16.52539 -2.379357 54.30082 20 26 20 20 0.8979172 0.1020676 0 0
v -16.27918 -2.399708 53.93695 20 26 20 20 0.6326848 0.3672999 0 0
v -16.73467 -2.15161 54.0431 20 20 20 20 1 0 0 0
v -16.46062 -1.642266 54.00997 20 20 20 20 1 0 0 0
v -16.01486 -1.332322 54.00593 20 20 20 20 1 0 0 0
v -15.84737 -1.54061 54.22993 20 26 20 20 0.8822309 0.1177539 0 0
v -16.27699 -1.429041 53.94131 20 20 20 20 1 0 0 0
v -15.99394 -2.323854 53.07565 20 26 20 20 0.2221256 0.7778592 0 0
v -14.88976 -3.189657 52.52435 20 26 20 20 0.3186694 0.6813153 0 0
v -16.1441 -2.958519 53.09547 20 26 20 20 0.2664683 0.7335165 0 0
v -16.4206 -1.507742 53.97021 20 20 20 20 1 0 0 0
v -16.79762 -2.443416 54.01243 20 20 20 20 1 0 0 0
v -16.81919 -2.25818 54.06633 20 20 20 20 1 0 0 0
v -15.66552 -4.209176 53.18087 20 26 20 20 0.4429236 0.5570611 0 0
v -16.12996 -4.103713 54.19046 20 26 35 20 0.5544671 0.2576944 0.187808 0
v -15.90931 -4.208336 52.82495 20 26 35 20 0.2657816 0.6098268 0.1243763 0
v -15.48047 -4.785975 54.49775 20 26 35 20 0.6013733 0.06994735 0.3286641 0
v -15.25659 -4.337457 53.27334 20 26 35 20 0.4638743 0.4543374 0.08175784 0
v -16.02086 -3.342272 53.10763 20 37 20 20 0.5466392 0.4533455 0 0
v -16.12802 -4.594686 54.62162 20 26 35 20 0.5509117 0.04028382 0.4087739 0
v -16.32869 -4.178443 54.3888 20 26 35 20 0.7801938 0.05853361 0.1612573 0
v -16.5134 -4.272045 54.65069 20 35 20 20 0.4421149 0.5578699 0 0
v -16.34389 -4.555762 54.47655 20 35 20 20 0.449897 0.5500877 0 0
v -15.66842 -4.918031 54.81139 20 35 20 20 0.3151903 0.6847944 0 0
v -14.94841 -3.574194 52.59771 20 26 35 20 0.2811627 0.6977035 0.02110323 0
v -15.09574 -4.03758 53.12727 20 26 35 20 0.3865873 0.5249103 0.08847181 0
v -14.88976 -3.189657 52.52435 20 26 20 20 0.3186694 0.6813153 0 0
v -15.25432 -4.125732 54.16853 20 26 35 37 0.5668574 0.05427634 0.2000916 0.1787442
v -15.36893 -4.513525 54.37096 20 26 35 37 0.468925 0.03535515 0.4352331 0.06045625
v -15.66975 -4.196973 54.12244 20 35 37 20 0.2863356 0.3410239 0.3726253 0
v -16.61211 -3.920245 54.78136 20 26 35 37 0.4159152 0.01072709 0.4413672 0.13196
v -16.73373 -4.110775 54.49493 20 35 37 20 0.3557793 0.5819486 0.06225681 0
v -16.26481 -3.892168 54.84354 20 26 35 37 0.4444953 0.1623407 0.3168841 0.07626459
v -15.17964 -3.577212 53.3973 20 26 35 37 0.5884947 0.2444037 0.0112459 0.1558251
v -16.8107 -3.883579 54.45884 20 35 37 20 0.3008469 0.3788663 0.3202564 0
v -16.80005 -3.483511 55.01781 20 35 37 20 0.08943313 0.3239185 0.5866178 0
v -16.377 -3.245245 54.75162 20 26 35 37 0.4902724 0.1896544 0.1497063 0.1703365
v -14.93233 -3.704479 53.24475 20 26 35 37 0.5445334 0.4087434 0.03266957 0.01402304
v -14.95677 -3.252254 52.6244 20 26 37 20 0.4230106 0.558526 0.01844816 0
v -16.83922 -3.175239 54.88102 20 35 37 20 0.2657359 0.2517586 0.4824903 0
v -16.60407 -3.270367 55.12116 20 26 35 37 0.389044 0.0293431 0.2773022 0.3042954
v -16.4698 -3.957904 55.15403 20 26 35 37 0.3397879 0.02803082 0.5542077 0.07794309
v -15.95112 -4.766741 54.26781 20 35 20 20 0.3255818 0.674403 0 0
v -16.80405 -3.989232 54.36732 20 35 37 20 0.4220645 0.3763638 0.2015564 0
v -16.83184 -3.354604 55.02286 20 35 37 20 0.1039445 0.2630503 0.63299 0
v -16.0796 -3.477208 53.34805 10 20 35 37 0.05072099 0.3719997 0.03184558 0.5454032
v -16.58228 -4.324872 54.29357 20 35 20 20 0.4934157 0.506569 0 0
v -16.61661 -4.476531 53.89447 20 35 20 20 0.5199664 0.4800183 0 0
v -17.05199 -3.353237 54.60562 20 35 37 20 0.05020218 0.1284505 0.8213321 0
v -17.02432 -3.096738 54.50566 20 35 37 20 0.237171 0.2491646 0.5136339 0
v -17.10715 -3.053517 53.96935 20 35 37 20 0.3025101 0.1706874 0.526772 0
v -16.98002 -2.417188 53.60025 20 20 20 20 1 0 0 0
v -17.1029 -2.37355 53.15302 20 20 20 20 1 0 0 0
v -16.93767 -3.508672 54.58074 20 35 37 20 0.04792859 0.1774014 0.7746395 0
v -17.21994 -1.119789 53.66928 25 20 25 25 0.8196689 0.1803159 0 0
v -17.13576 -1.964206 53.32713 20 35 25 20 0.6407721 0.009216449 0.3499962 0
v -17.20078 -1.164078 53.6368 25 20 25 25 0.5496147 0.45037 0 0
v -17.07361 -2.812378 53.07005 20 35 37 20 0.7973144 0.1039292 0.09872587 0
v -17.41642 0.05781671 53.73208 38 20 38 37 0.8264897 0.04255741 0 0.1309377
v -17.09393 -2.025115 53.00884 38 20 35 37 0.2273442 0.5851835 0.04419013 0.1432517
v -17.18357 0.725255 53.6037 38 37 38 38 0.9378653 0.06211948 0 0
v -16.75106 -0.03540856 52.87433 38 20 38 38 0.7797818 0.2202029 0 0
v -17.04595 0.8915064 54.11348 20 35 20 10 0.09646754 0.2535287 0 0.6499885
v -16.88682 -2.149013 53.32842 10 20 35 37 0.2308843 0.3464866 0.2509957 0.1715877
v -16.93773 -2.560463 52.64975 38 20 35 37 0.05795376 0.9088579 0.01051347 0.02264439
v -17.22349 -2.507857 54.19785 37 38 37 37 0.8 0.2 0 0
v -16.96687 -3.042994 53.44695 20 20 37 10 0.8549935 0 0.04499885 0.09999237
v -16.98088 -3.153729 53.48354 20 20 37 10 0.8549935 0 0.04499885 0.09999237
v -17.089 -2.711214 54.22514 20 35 37 38 0.0303502 0.09843595 0.6711986 0.1999847
v -17.08383 2.218797 54.26417 10 20 35 10 0.8594797 0.04042115 0.1000687 0
v -16.85347 -3.330539 53.50298 20 20 37 10 0.8549935 0 0.04499885 0.09999237
v -16.91194 2.468624 54.32425 10 20 35 10 0.9274281 0.0301976 0.04234378 0
v -16.82607 1.649798 54.15495 10 20 35 10 0.8356909 0.06529336 0.09900054 0
v -17.33555 -0.4542429 53.97128 20 20 37 38 0.009491112 0 0.290486 0.6999924
v -16.67345 -0.91935 52.93658 25 38 20 25 0.4606088 0.2798962 0.2594797 0
v -16.51764 0.3620223 53.78421 10 20 35 10 0.6747692 0.08461127 0.240589 0
v -16.33548 -0.8911942 52.78291 0 10 20 0 0 0.3885252 0.6114596 0
v -16.39111 0.5044909 53.72795 10 20 35 10 0.6817731 0.04911879 0.2690776 0
v -16.75672 2.788185 53.62689 10 10 10 10 1 0 0 0
v -16.51764 0.3620223 53.78421 10 20 35 10 0.6747692 0.08461127 0.240589 0
v -16.25455 -3.094627 53.94169 10 20 35 10 0.2088502 0.2265965 0.5645381 0
v -17.11873 -0.8467011 53.91782 20 20 37 38 0.04551766 0 0.2544594 0.6999924
v -16.84121 1.254851 53.12935 10 38 20 37 0.5828183 0.2097658 0.1788968 0.02848859
v -17.19986 -0.1012316 53.70097 38 20 38 37 0.8813459 0.04902724 0 0.06961166
v -16.8647 0.02698824 53.20202 38 37 38 38 0.9465476 0.0534371 0 0
v -17.27045 -0.508132 53.89413 25 20 25 25 0.9296712 0.07031357 0 0
v -16.44279 -1.045886 53.11706 25 20 25 25 0.8399176 0.1600671 0 0
v -17.16925 -2.095865 53.17345 20 20 20 20 1 0 0 0
v -16.26208 -1.562844 52.95107 25 38 20 37 0.1539635 0.337026 0.3961242 0.1128557
v -16.75106 -0.03540856 52.87433 38 20 38 38 0.7797818 0.2202029 0 0
v -16.67345 -0.91935 52.93658 25 38 20 25 0.4606088 0.2798962 0.2594797 0
v -16.84121 1.254851 53.12935 10 38 20 37 0.5828183 0.2097658 0.1788968 0.02848859
v -16.8647 0.02698824 53.20202 38 37 38 38 0.9465476 0.0534371 0 0
v -16.81211 0.2837378 53.05712 38 20 37 38 0.9450065 0.03935302 0.01562524 0
v -16.02295 -1.153161 53.71713 20 20 20 20 1 0 0 0
v -17.03181 -2.16081 53.66071 20 20 20 20 1 0 0 0
v -16.88052 -2.031267 53.63315 20 20 20 20 1 0 0 0
v -17.28008 0.2566919 53.5833 38 37 38 38 0.967483 0.03250172 0 0
v -17.48879 0.1932431 53.58612 38 37 38 38 0.862089 0.1378958 0 0
v -16.85219 0.7909942 52.8918 38 38 38 38 1 0 0 0
v -16.87037 0.4992843 52.85476 38 38 38 38 1 0 0 0
v -16.85219 0.7909942 52.8918 38 38 38 38 1 0 0 0
v -16.99903 0.2782395 53.0096 38 38 38 38 1 0 0 0
v -16.99903 0.2782395 53.0096 38 38 38 38 1 0 0 0
v -17.39413 1.145719 53.88316 39 38 39 39 0.7797513 0.2202335 0 0
v -17.62194 0.5599303 53.92814 39 38 39 39 0.7797971 0.2201877 0 0
v -17.66023 0.9374582 53.93707 39 38 39 39 0.7797666 0.2202182 0 0
v -17.03635 1.004573 53.52042 39 38 39 39 0.7797666 0.2202182 0 0
v -17.16051 1.037517 53.53315 39 39 39 39 1 0 0 0
v -17.44619 1.211444 53.86826 39 39 39 39 1 0 0 0
v -17.74878 0.9971434 53.92783 39 39 39 39 1 0 0 0
v -17.68813 0.6193814 53.92055 39 39 39 39 1 0 0 0
v -17.32779 0.5497323 53.60638 39 39 39 39 1 0 0 0
v -17.2235 0.4752232 53.60325 39 38 39 39 0.7797513 0.2202335 0 0
v -17.0738 0.717055 53.46284 39 38 39 39 0.7797208 0.220264 0 0
v -17.20309 0.7916502 53.48372 39 39 39 39 1 0 0 0
v -17.16051 1.037517 53.53315 39 39 39 39 1 0 0 0
v -17.03635 1.004573 53.52042 39 38 39 39 0.7797666 0.2202182 0 0
v -17.32779 0.5497323 53.60638 39 39 39 39 1 0 0 0
v -17.2235 0.4752232 53.60325 39 38 39 39 0.7797513 0.2202335 0 0
v -17.19956 1.027936 53.17841 39 39 39 39 1 0 0 0
v -17.4754 1.192724 53.28688 39 39 39 39 1 0 0 0
v -17.79936 0.9731545 53.37477 39 39 39 39 1 0 0 0
v -17.7284 0.5995235 53.37056 39 39 39 39 1 0 0 0
v -17.37271 0.5172114 53.24648 39 39 39 39 1 0 0 0
v -17.37271 0.5172114 53.24648 39 39 39 39 1 0 0 0
v -17.1956 0.7599023 53.12457 39 39 39 39 1 0 0 0
v -17.19956 1.027936 53.17841 39 39 39 39 1 0 0 0
v -17.79467 0.9131753 52.91502 31 39 31 31 0.7395895 0.2603952 0 0
v -17.73017 0.6014782 52.91224 31 39 31 31 0.73962 0.2603647 0 0
v -17.50378 1.148992 52.80035 31 39 31 31 0.7396811 0.2603036 0 0
v -17.43331 0.5104963 52.98172 31 39 31 31 0.7393454 0.2606393 0 0
v -17.43331 0.5104963 52.98172 31 39 31 31 0.7393454 0.2606393 0 0
v -17.25987 0.7402813 52.86601 31 39 31 31 0.7395437 0.260441 0 0
v -17.23214 1.007169 52.91736 31 39 31 31 0.7395285 0.2604562 0 0
v -17.25334 0.9958552 52.65277 31 31 31 31 1 0 0 0
v -17.51841 1.131889 52.53541 31 31 31 31 1 0 0 0
v -17.23214 1.007169 52.91736 31 39 31 31 0.7395285 0.2604562 0 0
v -17.78452 0.891264 52.65055 31 31 31 31 1 0 0 0
v -17.73228 0.599129 52.64679 31 31 31 31 1 0 0 0
v -17.4568 0.5199591 52.71891 31 31 31 31 1 0 0 0
v -17.4568 0.5199591 52.71891 31 31 31 31 1 0 0 0
v -17.22789 0.7065401 52.59905 31 31 31 31 1 0 0 0
v -17.25334 0.9958552 52.65277 31 31 31 31 1 0 0 0
v -17.60075 0.979529 52.17735 31 31 31 31 1 0 0 0
v -17.54699 1.071301 52.19983 31 31 31 31 1 0 0 0
v -17.53129 1.026231 51.97797 31 31 31 31 1 0 0 0
v -17.57728 0.9720219 51.98756 31 31 31 31 1 0 0 0
v -17.66332 0.849692 52.24707 31 31 31 31 1 0 0 0
v -17.70448 0.860922 52.33155 31 31 31 31 1 0 0 0
v -17.67603 0.704188 52.19104 31 31 31 31 1 0 0 0
v -17.6939 0.635945 52.23857 31 31 31 31 1 0 0 0
v -17.638 0.6847909 52.00099 31 31 31 31 1 0 0 0
v -17.62725 0.6155759 52.02277 31 31 31 31 1 0 0 0
v -17.61958 0.7180569 51.86711 31 31 31 31 1 0 0 0
v -17.60556 0.6692119 51.82266 31 31 31 31 1 0 0 0
v -17.59148 0.8235769 51.79683 31 31 31 31 1 0 0 0
v -17.57003 0.8086049 51.70474 31 31 31 31 1 0 0 0
v -17.56455 0.9005769 51.84735 31 31 31 31 1 0 0 0
v -17.52184 0.9362649 51.80525 31 31 31 31 1 0 0 0
v -17.62691 0.8338179 51.95251 31 31 31 31 1 0 0 0
v -17.43703 0.5094659 52.04455 31 31 31 31 1 0 0 0
v -17.44046 0.505552 52.26978 31 31 31 31 1 0 0 0
v -17.43703 0.5094659 52.04455 31 31 31 31 1 0 0 0
v -17.19932 0.682621 51.91907 31 31 31 31 1 0 0 0
v -17.17293 0.6791841 52.15177 31 31 31 31 1 0 0 0
v -17.44046 0.505552 52.26978 31 31 31 31 1 0 0 0
v -17.28629 0.984225 52.0118 31 31 31 31 1 0 0 0
v -17.26773 0.9926351 52.2254 31 31 31 31 1 0 0 0
v -17.28629 0.984225 52.0118 31 31 31 31 1 0 0 0
v -17.26773 0.9926351 52.2254 31 31 31 31 1 0 0 0
v -17.4341 0.5390879 51.82448 31 31 31 31 1 0 0 0
v -17.4341 0.5390879 51.82448 31 31 31 31 1 0 0 0
v -17.32586 0.720045 51.71149 31 31 31 31 1 0 0 0
v -17.32586 0.720045 51.71149 31 31 31 31 1 0 0 0
v -17.32077 0.957277 51.8049 31 31 31 31 1 0 0 0
v -17.32077 0.957277 51.8049 31 31 31 31 1 0 0 0
